wz/Mob.wz/0100100.img.xml 40001 40002 50000 1000004 1010004 1020001 104000100 104000200 
wz/Mob.wz/0100101.img.xml 40001 40002 50001 1000004 1000005 1000006 1010000 1010004 1020001 100010000 101040000 104000100 104000200 104000300 104000400 104040000 680010000 680010100 
wz/Mob.wz/0100120.img.xml 130010000 130010010 130030004 
wz/Mob.wz/0100121.img.xml 130010000 130010020 130030003 130030004 
wz/Mob.wz/0100122.img.xml 130010100 130010110 
wz/Mob.wz/0100123.img.xml 130010100 130010120 130010200 
wz/Mob.wz/0100124.img.xml 130010200 130010210 
wz/Mob.wz/0100130.img.xml 140010100 
wz/Mob.wz/0100131.img.xml 140020000 
wz/Mob.wz/0100132.img.xml 140020100 
wz/Mob.wz/0100133.img.xml 140020200 
wz/Mob.wz/0100134.img.xml 140010200 
wz/Mob.wz/0120100.img.xml 1000006 1010000 100010000 104030001 104040000 680010000 680010100 
wz/Mob.wz/0130100.img.xml 50001 1010004 1010100 100050000 101030000 101030200 101030300 101030400 101030401 101040000 101040002 102010000 102020000 680010000 910220000 910310000 
wz/Mob.wz/0130101.img.xml 50001 1000004 1000005 1000006 1010004 1010200 1020001 100010000 101010000 101010100 101030400 101040000 102010000 102050000 103010000 104000200 104000300 104000400 104010000 104030000 104040000 680010000 680010100 
wz/Mob.wz/0210100.img.xml 1000005 1010004 1010300 100040000 100040001 100040002 100040100 100050000 101010000 101010100 101010101 101020000 101020002 102040000 102050000 103010000 103020000 104020000 104030000 107000001 190000000 191000001 680010000 680010100 910060000 910120000 
wz/Mob.wz/1110100.img.xml 100000002 100000003 100040003 100050000 101010102 101020005 102020100 103000805 103030000 103030100 104030001 104040001 104040002 191000001 680010000 680010100 800010000 912030000 
wz/Mob.wz/1110101.img.xml 100040000 101010101 101010102 101020000 101020003 101030000 101030100 101030200 101030300 101030401 101030402 101040002 102010000 102020000 102030000 192000000 192000001 680010100 910120000 910220000 
wz/Mob.wz/1110130.img.xml 100040003 
wz/Mob.wz/1120100.img.xml 101020004 102040000 102040001 103010000 103010001 103030000 677000008 910310000 
wz/Mob.wz/1130100.img.xml 101020007 101030402 101030403 101030404 101040002 102020100 102020200 106000000 106000100 
wz/Mob.wz/1140100.img.xml 101030101 101030102 106000000 106000100 106000200 
wz/Mob.wz/1140130.img.xml 101030101 
wz/Mob.wz/1210100.img.xml 100010000 100020000 100020100 100030000 103020000 104010000 104010001 104010002 104020000 104030000 104040000 104040001 120010000 912000000 912030000 
wz/Mob.wz/1210101.img.xml 100020100 100030000 103020100 103020200 103030000 104010001 104010002 104040001 104040002 677000006 910060000 
wz/Mob.wz/1210102.img.xml 50001 1000006 1010000 100000002 100020000 100030000 102040000 102050000 103010000 103020000 103020100 103020200 104010000 104020000 104030001 104040001 104040002 677000000 677000002 680010000 680010100 800010000 
wz/Mob.wz/1210103.img.xml 100040004 101020006 102040001 103000101 103000902 103010001 103030100 
wz/Mob.wz/2100100.img.xml 260010600 260010700 
wz/Mob.wz/2100101.img.xml 260010600 260010700 
wz/Mob.wz/2100102.img.xml 260010000 260010001 
wz/Mob.wz/2100103.img.xml 260010000 260010100 260010200 
wz/Mob.wz/2100104.img.xml 260010200 260010201 
wz/Mob.wz/2100105.img.xml 260010300 260010301 
wz/Mob.wz/2100106.img.xml 260010300 260010400 260010500 
wz/Mob.wz/2100107.img.xml 260010500 260010501 
wz/Mob.wz/2100108.img.xml 260020000 260020100 
wz/Mob.wz/2110200.img.xml 100000004 100000005 100030001 101020008 103000805 103030200 105030000 105050000 105050100 105050101 105050200 105050300 105050400 105060000 105060100 105070000 105070001 106000300 106010000 106010100 107000500 107000501 191000001 195000000 
wz/Mob.wz/2110300.img.xml 260020500 260020600 260020610 260020630 
wz/Mob.wz/2110301.img.xml 260020600 260020620 260020700 
wz/Mob.wz/2130100.img.xml 101030001 101030403 101030404 101030405 101040001 101040002 102020200 102020300 105030000 106000200 106000300 107000500 222010000 222010001 222010002 222010100 222010101 222010102 677000004 
wz/Mob.wz/2130103.img.xml 103000200 103000201 107000000 107000001 107000100 107000200 107000300 107000400 107000401 107000402 107000403 
wz/Mob.wz/2220000.img.xml 104000400 
wz/Mob.wz/2220100.img.xml 100000003 100000004 100030001 103030200 106010000 106010100 106010101 190000000 190000001 190000002 800010000 
wz/Mob.wz/2230100.img.xml 101020009 105040000 105040100 105060100 105070000 105070001 105070100 105070200 105070300 105070400 195010000 
wz/Mob.wz/2230101.img.xml 102020300 105030000 105050000 105050100 105050101 105050200 105050300 105050400 105060000 105060100 105070000 105070001 105070002 106010100 107000500 107000501 195000000 800020100 
wz/Mob.wz/2230102.img.xml 101030001 101030405 101030406 101040001 101040003 106000001 106000101 192000000 192000001 
wz/Mob.wz/2230103.img.xml 221021900 221022000 221022100 221022300 221022900 221023000 221023100 221023700 221023800 
wz/Mob.wz/2230104.img.xml 221022300 221022900 
wz/Mob.wz/2230105.img.xml 230030001 230030100 230030200 
wz/Mob.wz/2230106.img.xml 230030000 230030001 
wz/Mob.wz/2230107.img.xml 230030000 230030100 
wz/Mob.wz/2230108.img.xml 230030100 230030200 
wz/Mob.wz/2230109.img.xml 230020200 230020300 
wz/Mob.wz/2230110.img.xml 101030101 101030102 101030103 
wz/Mob.wz/2230111.img.xml 101030102 101030103 
wz/Mob.wz/2230131.img.xml 105050000 105050100 105050200 105050300 
wz/Mob.wz/2230200.img.xml 230020101 230020200 230020300 
wz/Mob.wz/2300100.img.xml 103000102 103000103 103000104 105050400 105060000 
wz/Mob.wz/3000000.img.xml 200080500 200080600 200080700 200080800 
wz/Mob.wz/3000001.img.xml 200020000 200040000 200050000 200080000 
wz/Mob.wz/3000002.img.xml 100000005 200030000 200070000 
wz/Mob.wz/3000003.img.xml 101020004 101020005 
wz/Mob.wz/3000004.img.xml 106010101 106010102 106010103 106010104 106010105 106010106 
wz/Mob.wz/3000005.img.xml 197000000 197010000 220010000 220010100 220010200 220010400 220010500 220010600 220010700 
wz/Mob.wz/3000006.img.xml 230020100 230020101 
wz/Mob.wz/3100101.img.xml 260020200 260020300 260020400 
wz/Mob.wz/3100102.img.xml 260020200 260020300 260020400 
wz/Mob.wz/3110100.img.xml 107000000 107000100 107000200 107000300 
wz/Mob.wz/3110101.img.xml 197010000 220010100 220010200 220010300 220010400 220010500 220010600 220010700 220010800 220010900 
wz/Mob.wz/3110102.img.xml 221020000 221020100 221024100 221024200 221024300 221024400 
wz/Mob.wz/3110300.img.xml 261010001 261010002 
wz/Mob.wz/3110301.img.xml 260020610 260020620 
wz/Mob.wz/3110302.img.xml 261010001 261010002 261010003 
wz/Mob.wz/3110303.img.xml 261010002 261010003 
wz/Mob.wz/3210100.img.xml 106000001 106000002 106000101 106000110 192000001 
wz/Mob.wz/3210200.img.xml 200010100 200010110 
wz/Mob.wz/3210201.img.xml 200010100 200010120 
wz/Mob.wz/3210202.img.xml 200010100 200010130 
wz/Mob.wz/3210203.img.xml 220011000 220020100 220020200 220020300 220020400 220020500 220030200 220030300 220030400 
wz/Mob.wz/3210204.img.xml 220010300 220010800 220010900 220011000 
wz/Mob.wz/3210205.img.xml 221020100 221020200 221020300 221020400 221023700 221023800 221023900 221024000 221024100 221024200 
wz/Mob.wz/3210206.img.xml 221022600 221022700 221023200 221023300 221023500 221023600 
wz/Mob.wz/3210207.img.xml 220040200 
wz/Mob.wz/3210208.img.xml 222020100 222020200 222020300 
wz/Mob.wz/3210450.img.xml 200082300 230010000 230010001 
wz/Mob.wz/3210800.img.xml 100040101 100040102 100040103 100040110 105040301 107000401 107000402 110010000 110020000 191000000 
wz/Mob.wz/3220000.img.xml 101030404 
wz/Mob.wz/3220001.img.xml 260010201 
wz/Mob.wz/3230100.img.xml 101020010 105040100 105040200 
wz/Mob.wz/3230101.img.xml 103000103 103000104 103000200 103000201 103000905 610010000 610010001 610010002 610010010 610010012 610010100 610010101 610010102 610010103 610010104 682000001 
wz/Mob.wz/3230102.img.xml 110010000 110020000 110020001 110030000 110030001 
wz/Mob.wz/3230103.img.xml 221021200 221021300 
wz/Mob.wz/3230104.img.xml 230020000 230020100 
wz/Mob.wz/3230200.img.xml 200010000 200020000 200030000 200040000 200050000 200060000 
wz/Mob.wz/3230300.img.xml 101040001 103000905 103000909 
wz/Mob.wz/3230301.img.xml 101040001 103000909 105060100 105070002 105070100 105070200 105070300 105070400 105080000 
wz/Mob.wz/3230302.img.xml 221020800 221020900 221021200 221021300 221021700 221021800 221021900 221022000 
wz/Mob.wz/3230303.img.xml 221022400 221022500 221022600 
wz/Mob.wz/3230304.img.xml 221021100 221021400 221021500 221022500 
wz/Mob.wz/3230305.img.xml 220010000 220010100 220010200 220010700 220010800 
wz/Mob.wz/3230306.img.xml 220040100 220040300 
wz/Mob.wz/3230307.img.xml 221023300 221023500 221023600 
wz/Mob.wz/3230308.img.xml 221020500 221020600 221021100 
wz/Mob.wz/3230400.img.xml 197000000 221020500 221020600 221021400 221021500 221022400 221022500 221022600 221022700 221023200 221023300 221023401 
wz/Mob.wz/3230405.img.xml 230010000 230010100 
wz/Mob.wz/3300000.img.xml 106020100 106020200 106020300 
wz/Mob.wz/3300001.img.xml 106020100 106020200 106020300 106020400 106020401 
wz/Mob.wz/3300002.img.xml 106020401 106020402 
wz/Mob.wz/3300003.img.xml 106020700 106020800 106021000 106021001 106021100 
wz/Mob.wz/3300004.img.xml 106021100 106021200 106021300 
wz/Mob.wz/3400000.img.xml 103040100 103040101 103040103 
wz/Mob.wz/3400001.img.xml 103040101 103040102 103040103 
wz/Mob.wz/3400002.img.xml 103040102 
wz/Mob.wz/3400003.img.xml 103040200 
wz/Mob.wz/3400005.img.xml 103040201 
wz/Mob.wz/3400007.img.xml 103040202 103040203 
wz/Mob.wz/4090000.img.xml 104010001 106000110 
wz/Mob.wz/4110300.img.xml 261020600 261020700 
wz/Mob.wz/4110301.img.xml 261020700 
wz/Mob.wz/4110302.img.xml 261020100 261020200 
wz/Mob.wz/4130100.img.xml 105080000 105090000 
wz/Mob.wz/4130101.img.xml 110030001 110040000 
wz/Mob.wz/4130102.img.xml 200040001 200060000 
wz/Mob.wz/4130103.img.xml 221020701 
wz/Mob.wz/4130104.img.xml 200060000 
wz/Mob.wz/4220001.img.xml 230020100 
wz/Mob.wz/4230100.img.xml 105040303 105090301 105090310 105090400 105090500 105090600 105090700 105090800 195020000 195030000 
wz/Mob.wz/4230101.img.xml 100040101 100040103 100040104 100040105 100040106 105040302 107000402 107000403 191000000 
wz/Mob.wz/4230102.img.xml 103000104 103000105 103000201 103000202 103000909 
wz/Mob.wz/4230103.img.xml 106000120 106000130 
wz/Mob.wz/4230104.img.xml 110030000 110030001 110040000 
wz/Mob.wz/4230105.img.xml 200030000 200040001 
wz/Mob.wz/4230106.img.xml 200020000 200030000 200040000 200050000 200060000 200070000 200080000 
wz/Mob.wz/4230107.img.xml 211041500 211041600 211041700 211041800 211041900 230040410 
wz/Mob.wz/4230108.img.xml 211042000 211042100 211042101 211042200 801010000 
wz/Mob.wz/4230109.img.xml 221020300 221020400 221020700 221020701 221020800 221020900 
wz/Mob.wz/4230110.img.xml 221020400 221020700 221020701 
wz/Mob.wz/4230111.img.xml 220020100 220020400 220020500 220020600 220030100 220030300 220030400 
wz/Mob.wz/4230112.img.xml 220020000 220020100 220030000 220030100 
wz/Mob.wz/4230113.img.xml 220040200 220050100 
wz/Mob.wz/4230114.img.xml 220040000 220050000 
wz/Mob.wz/4230115.img.xml 220040400 220050200 
wz/Mob.wz/4230116.img.xml 221040000 221040100 221040200 221040201 
wz/Mob.wz/4230117.img.xml 221040100 221040200 221040300 
wz/Mob.wz/4230118.img.xml 221040300 221040301 221040400 
wz/Mob.wz/4230119.img.xml 221030000 221030100 221030200 221030300 221030301 
wz/Mob.wz/4230120.img.xml 221030100 221030200 221030300 221030400 221030401 221030500 221030600 221030601 
wz/Mob.wz/4230121.img.xml 221030300 221030400 221030500 221030501 221030600 221030601 
wz/Mob.wz/4230122.img.xml 200030000 
wz/Mob.wz/4230123.img.xml 230010300 230010400 
wz/Mob.wz/4230124.img.xml 230010200 230010400 
wz/Mob.wz/4230125.img.xml 101030105 101030106 101030107 
wz/Mob.wz/4230126.img.xml 101030105 101030106 101030107 
wz/Mob.wz/4230200.img.xml 230010000 230010001 
wz/Mob.wz/4230201.img.xml 230010100 230010200 230010300 
wz/Mob.wz/4230300.img.xml 222010000 222010001 222010002 
wz/Mob.wz/4230400.img.xml 101040003 106000120 106000130 106000140 
wz/Mob.wz/4230500.img.xml 250010000 250010100 
wz/Mob.wz/4230501.img.xml 250010000 250010100 250010200 
wz/Mob.wz/4230502.img.xml 250010100 250010200 250010300 
wz/Mob.wz/4230503.img.xml 250010300 250010400 
wz/Mob.wz/4230504.img.xml 250010300 250010400 
wz/Mob.wz/4230505.img.xml 251010000 251010100 
wz/Mob.wz/4230506.img.xml 251010000 251010100 251010101 251010102 
wz/Mob.wz/4230600.img.xml 260020400 260020401 
wz/Mob.wz/4240000.img.xml 221040201 221040300 221040301 221040400 
wz/Mob.wz/4250000.img.xml 300010000 300010100 300030000 
wz/Mob.wz/4250001.img.xml 300010100 300010200 300010300 
wz/Mob.wz/4300000.img.xml 103040200 
wz/Mob.wz/4300002.img.xml 103040201 
wz/Mob.wz/4300004.img.xml 103040202 103040203 
wz/Mob.wz/4300006.img.xml 103040300 103040301 103040303 
wz/Mob.wz/4300007.img.xml 103040301 103040302 
wz/Mob.wz/4300008.img.xml 103040302 103040303 
wz/Mob.wz/4300009.img.xml 103040400 
wz/Mob.wz/4300010.img.xml 103040400 103040410 103040420 
wz/Mob.wz/4300011.img.xml 103040410 103040420 
wz/Mob.wz/4300012.img.xml 103040420 
wz/Mob.wz/4300013.img.xml 103040430 103040460 
wz/Mob.wz/4300014.img.xml 103040440 103040450 
wz/Mob.wz/4300015.img.xml 103040440 103040450 
wz/Mob.wz/4300016.img.xml 103040450 
wz/Mob.wz/5090000.img.xml 103000105 103000202 
wz/Mob.wz/5090001.img.xml 250020300 
wz/Mob.wz/5100000.img.xml 196000000 196010000 211010000 211020000 211040100 211040101 211040300 600020500 
wz/Mob.wz/5100001.img.xml 211020000 211040100 211040300 600020500 
wz/Mob.wz/5100002.img.xml 211042000 211042200 280020000 600020400 801000110 801000210 
wz/Mob.wz/5100003.img.xml 222010001 222010002 222010100 222010101 222010102 222010200 
wz/Mob.wz/5100004.img.xml 222010201 222010300 222010310 800020120 
wz/Mob.wz/5100005.img.xml 222010100 222010101 222010102 222010200 222010201 922200000 
wz/Mob.wz/5110300.img.xml 261020100 
wz/Mob.wz/5110301.img.xml 261020300 261020301 261020400 
wz/Mob.wz/5110302.img.xml 261020400 261020500 
wz/Mob.wz/5120000.img.xml 200070000 200080000 
wz/Mob.wz/5120001.img.xml 200010111 200010200 
wz/Mob.wz/5120002.img.xml 200010121 200010200 
wz/Mob.wz/5120003.img.xml 200010131 200010200 
wz/Mob.wz/5120100.img.xml 221030601 
wz/Mob.wz/5120500.img.xml 250010301 250010302 250010303 
wz/Mob.wz/5120501.img.xml 251010101 251010102 251010200 251010300 
wz/Mob.wz/5120502.img.xml 251010200 251010300 
wz/Mob.wz/5120503.img.xml 250020000 250020100 250020200 
wz/Mob.wz/5120504.img.xml 250020100 250020200 250020300 
wz/Mob.wz/5120505.img.xml 250010500 250010501 250010600 250010700 
wz/Mob.wz/5120506.img.xml 250010501 250010502 250010503 
wz/Mob.wz/5130100.img.xml 105080000 105090000 105090100 105090310 195020000 
wz/Mob.wz/5130101.img.xml 105040304 105040305 105040320 106010101 106010102 106010103 190000001 190000002 
wz/Mob.wz/5130102.img.xml 105040304 105040305 105040306 106010103 106010104 106010105 800020100 
wz/Mob.wz/5130103.img.xml 107000300 107000400 
wz/Mob.wz/5130104.img.xml 211010000 211020000 211030000 211040000 211040500 211040600 211050000 
wz/Mob.wz/5130105.img.xml 211040300 211040400 211040700 
wz/Mob.wz/5130106.img.xml 211040300 211040400 211040700 
wz/Mob.wz/5130107.img.xml 211041100 211041200 211041300 211041400 800020300 
wz/Mob.wz/5130108.img.xml 211041500 211041600 211041700 211041800 
wz/Mob.wz/5140000.img.xml 196000000 196010000 211030000 211040000 211040001 211040100 211040500 211040600 211040800 211040900 211041000 211050000 
wz/Mob.wz/5150000.img.xml 105040306 105040320 106010105 106010106 
wz/Mob.wz/5150001.img.xml 101030106 101030107 101030110 101030111 101030112 
wz/Mob.wz/5200000.img.xml 200080200 200080300 200080400 200080500 200080600 200081300 200081400 
wz/Mob.wz/5200001.img.xml 200080900 200081000 200081200 200081400 
wz/Mob.wz/5200002.img.xml 200081000 200081100 200081200 200081300 
wz/Mob.wz/5220001.img.xml 110040000 
wz/Mob.wz/5220002.img.xml 100040105 100040106 
wz/Mob.wz/5220003.img.xml 220050000 220050100 220050200 
wz/Mob.wz/5220004.img.xml 251010102 
wz/Mob.wz/5250000.img.xml 300020100 300020200 
wz/Mob.wz/5250001.img.xml 300010300 300020000 300020100 
wz/Mob.wz/5250002.img.xml 300010400 
wz/Mob.wz/5300000.img.xml 200081500 200081600 200081700 211000200 
wz/Mob.wz/5300001.img.xml 200081700 200081800 200081900 200082000 
wz/Mob.wz/5300100.img.xml 100040105 100040106 
wz/Mob.wz/5400000.img.xml 200082000 200082100 211000200 
wz/Mob.wz/6090000.img.xml 211041100 211041200 211041300 211041400 
wz/Mob.wz/6090001.img.xml 211010000 211020000 211050000 
wz/Mob.wz/6090002.img.xml 800020120 
wz/Mob.wz/6090003.img.xml 222010300 
wz/Mob.wz/6090004.img.xml 261020200 261020400 261020600 
wz/Mob.wz/6110300.img.xml 261010101 
wz/Mob.wz/6110301.img.xml 261010101 261010103 261020401 
wz/Mob.wz/6130100.img.xml 105090100 105090300 
wz/Mob.wz/6130101.img.xml 100000005 
wz/Mob.wz/6130103.img.xml 211040001 
wz/Mob.wz/6130200.img.xml 220060000 
wz/Mob.wz/6130201.img.xml 222010400 222010401 
wz/Mob.wz/6130203.img.xml 250010302 250010303 250010304 
wz/Mob.wz/6130204.img.xml 251010400 251010401 251010500 
wz/Mob.wz/6130207.img.xml 250010500 250010600 250010700 
wz/Mob.wz/6130208.img.xml 251010400 251010401 251010402 251010403 
wz/Mob.wz/6130209.img.xml 250010502 250010503 250010504 
wz/Mob.wz/6220000.img.xml 107000300 
wz/Mob.wz/6220001.img.xml 221040301 
wz/Mob.wz/6230100.img.xml 105090300 105090301 195030000 
wz/Mob.wz/6230200.img.xml 211040400 
wz/Mob.wz/6230300.img.xml 220060000 
wz/Mob.wz/6230400.img.xml 220070000 
wz/Mob.wz/6230500.img.xml 220070000 
wz/Mob.wz/6230600.img.xml 105090310 105090311 105090312 
wz/Mob.wz/6230601.img.xml 105090311 105090312 105090320 
wz/Mob.wz/6230602.img.xml 101030108 101030109 101030110 101030111 101030112 
wz/Mob.wz/6300000.img.xml 211040100 211040101 211040200 
wz/Mob.wz/6300005.img.xml 105070002 
wz/Mob.wz/6300100.img.xml 220060100 220060200 
wz/Mob.wz/6400000.img.xml 211040300 211040400 211040700 
wz/Mob.wz/6400100.img.xml 220060100 
wz/Mob.wz/7090000.img.xml 261020401 
wz/Mob.wz/7110300.img.xml 261020500 
wz/Mob.wz/7110301.img.xml 261010102 261010103 
wz/Mob.wz/7120100.img.xml 240070010 
wz/Mob.wz/7120101.img.xml 240070020 
wz/Mob.wz/7120102.img.xml 240070030 
wz/Mob.wz/7120103.img.xml 240070100 
wz/Mob.wz/7120104.img.xml 240070101 
wz/Mob.wz/7120105.img.xml 240070102 
wz/Mob.wz/7120106.img.xml 240070200 240070201 
wz/Mob.wz/7120107.img.xml 240070201 240070202 
wz/Mob.wz/7120108.img.xml 240070300 240070301 
wz/Mob.wz/7120109.img.xml 240070301 240070302 
wz/Mob.wz/7130000.img.xml 200010300 200010301 200010302 800010100 
wz/Mob.wz/7130001.img.xml 211042000 211042100 211042200 
wz/Mob.wz/7130002.img.xml 240010901 240011000 
wz/Mob.wz/7130003.img.xml 240010900 240010901 
wz/Mob.wz/7130004.img.xml 240010200 240010300 
wz/Mob.wz/7130010.img.xml 220070200 
wz/Mob.wz/7130100.img.xml 105090500 105090600 105090700 105090800 
wz/Mob.wz/7130101.img.xml 105090700 105090800 
wz/Mob.wz/7130102.img.xml 196010000 211040101 211040200 
wz/Mob.wz/7130103.img.xml 101030108 101030109 
wz/Mob.wz/7130104.img.xml 251010401 251010402 251010403 251010410 
wz/Mob.wz/7130200.img.xml 211040500 211040600 
wz/Mob.wz/7130300.img.xml 220070201 
wz/Mob.wz/7130500.img.xml 240010000 240010100 240010101 
wz/Mob.wz/7130501.img.xml 240010000 240010100 240010101 
wz/Mob.wz/7130600.img.xml 240010100 240010200 
wz/Mob.wz/7130601.img.xml 240010100 240010300 
wz/Mob.wz/7140000.img.xml 220060200 
wz/Mob.wz/7160000.img.xml 220060201 
wz/Mob.wz/7220000.img.xml 250010304 
wz/Mob.wz/7220001.img.xml 222010310 
wz/Mob.wz/7220002.img.xml 250010504 
wz/Mob.wz/7220003.img.xml 240070203 
wz/Mob.wz/8090000.img.xml 261010102 
wz/Mob.wz/8110300.img.xml 261010102 
wz/Mob.wz/8120100.img.xml 240070040 
wz/Mob.wz/8120101.img.xml 240070050 
wz/Mob.wz/8120102.img.xml 240070400 240070401 
wz/Mob.wz/8120103.img.xml 240070401 240070402 
wz/Mob.wz/8120104.img.xml 240070500 240070501 
wz/Mob.wz/8120105.img.xml 240070501 240070502 
wz/Mob.wz/8120106.img.xml 240070502 
wz/Mob.wz/8130100.img.xml 105090900 
wz/Mob.wz/8140000.img.xml 211040800 211040900 211041000 
wz/Mob.wz/8140001.img.xml 240010600 240010700 240010800 
wz/Mob.wz/8140002.img.xml 240010600 240010700 
wz/Mob.wz/8140100.img.xml 211040700 
wz/Mob.wz/8140101.img.xml 240020100 240020101 240020102 240020200 240020300 240020501 
wz/Mob.wz/8140102.img.xml 240020000 240020100 240020101 240020102 240020500 240020501 
wz/Mob.wz/8140103.img.xml 240020300 240020400 240020401 240020402 240020500 240020501 
wz/Mob.wz/8140110.img.xml 240010400 240010500 240010800 
wz/Mob.wz/8140111.img.xml 240010400 240010500 
wz/Mob.wz/8140200.img.xml 220070100 
wz/Mob.wz/8140300.img.xml 220070100 
wz/Mob.wz/8140500.img.xml 211042200 800020400 801040004 
wz/Mob.wz/8140510.img.xml 240070060 
wz/Mob.wz/8140511.img.xml 240070600 240070601 
wz/Mob.wz/8140512.img.xml 240070601 240070602 
wz/Mob.wz/8140555.img.xml 230040000 230040100 230040200 230040400 610030550 
wz/Mob.wz/8140600.img.xml 230040000 230040100 
wz/Mob.wz/8140700.img.xml 240030000 240030100 
wz/Mob.wz/8140701.img.xml 240030000 240030100 240030103 
wz/Mob.wz/8140702.img.xml 240030200 
wz/Mob.wz/8140703.img.xml 240030300 
wz/Mob.wz/8141000.img.xml 220060300 
wz/Mob.wz/8141100.img.xml 220060301 
wz/Mob.wz/8141300.img.xml 230040200 230040300 610030550 
wz/Mob.wz/8142000.img.xml 220070300 
wz/Mob.wz/8142100.img.xml 230040200 230040300 610030550 
wz/Mob.wz/8143000.img.xml 220070301 
wz/Mob.wz/8150000.img.xml 101000300 101000301 200000100 200000111 200000112 200090000 200090001 200090010 200090011 
wz/Mob.wz/8150100.img.xml 230040400 610030550 
wz/Mob.wz/8150101.img.xml 230040400 610030550 
wz/Mob.wz/8150200.img.xml 240030100 240030101 240030102 240030103 240030104 240030200 
wz/Mob.wz/8150201.img.xml 240030100 240030101 240030102 240030104 240030300 
wz/Mob.wz/8150300.img.xml 240040000 240040100 240040310 240040400 240040401 
wz/Mob.wz/8150301.img.xml 240040000 240040100 240040210 240040400 240040401 
wz/Mob.wz/8150302.img.xml 240040200 240040300 240040400 240040401 240040500 
wz/Mob.wz/8160000.img.xml 220060400 
wz/Mob.wz/8170000.img.xml 220070400 
wz/Mob.wz/8180000.img.xml 240020401 240020402 
wz/Mob.wz/8180001.img.xml 240020101 240020102 
wz/Mob.wz/8190000.img.xml 240040520 240040521 240040900 
wz/Mob.wz/8190001.img.xml 240040520 240040521 240040900 
wz/Mob.wz/8190003.img.xml 240040510 240040511 240040800 
wz/Mob.wz/8190004.img.xml 240040510 240040511 240040600 240040800 
wz/Mob.wz/8190005.img.xml 240040521 240040600 
wz/Mob.wz/8200000.img.xml 270010100 270010200 270010300 270010400 270010500 270020100 270020200 270020300 270020400 270020500 270030100 270030200 270030300 270030400 
wz/Mob.wz/8200001.img.xml 270010100 
wz/Mob.wz/8200002.img.xml 270010200 
wz/Mob.wz/8200003.img.xml 270010300 270010400 
wz/Mob.wz/8200004.img.xml 270010400 270010500 
wz/Mob.wz/8200005.img.xml 270020100 
wz/Mob.wz/8200006.img.xml 270020200 
wz/Mob.wz/8200007.img.xml 270020300 270020400 
wz/Mob.wz/8200008.img.xml 270020400 270020500 
wz/Mob.wz/8200009.img.xml 270030100 
wz/Mob.wz/8200010.img.xml 270030200 
wz/Mob.wz/8200011.img.xml 270030300 270030400 
wz/Mob.wz/8200012.img.xml 270030400 270030500 
wz/Mob.wz/8220000.img.xml 200010300 
wz/Mob.wz/8220001.img.xml 211040101 
wz/Mob.wz/8220002.img.xml 261030000 
wz/Mob.wz/8220003.img.xml 240040401 
wz/Mob.wz/8220004.img.xml 270010500 
wz/Mob.wz/8220005.img.xml 270020500 
wz/Mob.wz/8220006.img.xml 270030500 
wz/Mob.wz/8220008.img.xml 105090310 
wz/Mob.wz/8220009.img.xml 105090310 
wz/Mob.wz/8220010.img.xml 240070303 
wz/Mob.wz/8220011.img.xml 240070403 
wz/Mob.wz/8220012.img.xml 240070503 
wz/Mob.wz/8220013.img.xml 240070603 
wz/Mob.wz/8510000.img.xml 230040420 
wz/Mob.wz/8520000.img.xml 230040420 
wz/Mob.wz/8820000.img.xml 270050100 
wz/Mob.wz/8820019.img.xml 270050100 
wz/Mob.wz/8820020.img.xml 270050100 
wz/Mob.wz/8820021.img.xml 270050100 
wz/Mob.wz/8820022.img.xml 270050100 
wz/Mob.wz/8820023.img.xml 270050100 
wz/Mob.wz/9000001.img.xml 108000200 108000201 108000202 
wz/Mob.wz/9000002.img.xml 108000200 108000201 108000202 
wz/Mob.wz/9000100.img.xml 108000300 108000301 108000302 
wz/Mob.wz/9000101.img.xml 108000300 108000301 108000302 
wz/Mob.wz/9000200.img.xml 108000100 108000101 108000102 
wz/Mob.wz/9000201.img.xml 108000100 108000101 108000102 
wz/Mob.wz/9000300.img.xml 108000400 108000401 108000402 
wz/Mob.wz/9000301.img.xml 108000400 108000401 108000402 
wz/Mob.wz/9001000.img.xml 108010301 
wz/Mob.wz/9001001.img.xml 108010201 
wz/Mob.wz/9001002.img.xml 108010101 
wz/Mob.wz/9001003.img.xml 108010401 
wz/Mob.wz/9001004.img.xml 108010501 
wz/Mob.wz/9001005.img.xml 108000500 108000501 610030550 
wz/Mob.wz/9001006.img.xml 108000502 108000503 
wz/Mob.wz/9001011.img.xml 108000600 108000601 108000602 
wz/Mob.wz/9001012.img.xml 108000710 
wz/Mob.wz/9001013.img.xml 108010700 108010702 
wz/Mob.wz/9001014.img.xml 914020000 
wz/Mob.wz/9100000.img.xml 105040314 
wz/Mob.wz/9100001.img.xml 101000103 103000900 105040314 109010200 109010201 109010202 109010203 109040001 109040004 
wz/Mob.wz/9100002.img.xml 103000901 103000906 
wz/Mob.wz/9100003.img.xml 109080001 
wz/Mob.wz/9100004.img.xml 109080002 
wz/Mob.wz/9100005.img.xml 922000000 922000009 922000010 
wz/Mob.wz/9100006.img.xml 922000000 922000009 922000010 
wz/Mob.wz/9100007.img.xml 900000000 
wz/Mob.wz/9100013.img.xml 926000000 
wz/Mob.wz/9300000.img.xml 103000804 
wz/Mob.wz/9300001.img.xml 103000800 
wz/Mob.wz/9300002.img.xml 103000804 
wz/Mob.wz/9300003.img.xml 103000804 
wz/Mob.wz/9300005.img.xml 922010100 
wz/Mob.wz/9300006.img.xml 922010100 922010900 
wz/Mob.wz/9300007.img.xml 922010300 
wz/Mob.wz/9300008.img.xml 922010401 922010402 922010403 
wz/Mob.wz/9300013.img.xml 922010500 922010506 
wz/Mob.wz/9300014.img.xml 922010404 922010405 
wz/Mob.wz/9300018.img.xml 40000 
wz/Mob.wz/9300019.img.xml 990000420 
wz/Mob.wz/9300020.img.xml 990000420 
wz/Mob.wz/9300021.img.xml 990000430 
wz/Mob.wz/9300022.img.xml 990000500 
wz/Mob.wz/9300023.img.xml 990000500 
wz/Mob.wz/9300024.img.xml 990000610 
wz/Mob.wz/9300025.img.xml 990000630 
wz/Mob.wz/9300027.img.xml 990000640 
wz/Mob.wz/9300040.img.xml 920010300 
wz/Mob.wz/9300041.img.xml 920010601 
wz/Mob.wz/9300042.img.xml 920010602 
wz/Mob.wz/9300043.img.xml 920010603 
wz/Mob.wz/9300044.img.xml 920010910 920010920 920010930 
wz/Mob.wz/9300045.img.xml 920010200 
wz/Mob.wz/9300046.img.xml 920010200 
wz/Mob.wz/9300047.img.xml 920010200 
wz/Mob.wz/9300048.img.xml 920010800 
wz/Mob.wz/9300050.img.xml 920010100 
wz/Mob.wz/9300051.img.xml 920011000 
wz/Mob.wz/9300052.img.xml 920011000 
wz/Mob.wz/9300053.img.xml 920011000 
wz/Mob.wz/9300058.img.xml 910010200 
wz/Mob.wz/9300059.img.xml 910010200 
wz/Mob.wz/9300060.img.xml 910010200 
wz/Mob.wz/9300062.img.xml 910010000 
wz/Mob.wz/9300063.img.xml 910010000 
wz/Mob.wz/9300064.img.xml 910010000 
wz/Mob.wz/9300065.img.xml 240050100 
wz/Mob.wz/9300066.img.xml 240050100 
wz/Mob.wz/9300067.img.xml 240050101 
wz/Mob.wz/9300068.img.xml 240050101 
wz/Mob.wz/9300069.img.xml 240050102 
wz/Mob.wz/9300070.img.xml 240050102 
wz/Mob.wz/9300071.img.xml 240050103 
wz/Mob.wz/9300072.img.xml 240050103 
wz/Mob.wz/9300073.img.xml 240050104 
wz/Mob.wz/9300074.img.xml 240050104 
wz/Mob.wz/9300075.img.xml 240050105 
wz/Mob.wz/9300076.img.xml 240050105 240050300 
wz/Mob.wz/9300077.img.xml 240050300 
wz/Mob.wz/9300078.img.xml 240050310 
wz/Mob.wz/9300081.img.xml 910010000 
wz/Mob.wz/9300082.img.xml 910010000 
wz/Mob.wz/9300083.img.xml 910010000 
wz/Mob.wz/9300084.img.xml 922020000 
wz/Mob.wz/9300085.img.xml 910500000 
wz/Mob.wz/9300086.img.xml 922020100 
wz/Mob.wz/9300087.img.xml 910500100 
wz/Mob.wz/9300088.img.xml 910300000 
wz/Mob.wz/9300091.img.xml 910200000 910200001 910200002 
wz/Mob.wz/9300092.img.xml 910500200 
wz/Mob.wz/9300093.img.xml 921100300 
wz/Mob.wz/9300094.img.xml 921100300 
wz/Mob.wz/9300095.img.xml 921100300 
wz/Mob.wz/9300096.img.xml 924000001 
wz/Mob.wz/9300097.img.xml 923000000 
wz/Mob.wz/9300098.img.xml 923000000 
wz/Mob.wz/9300099.img.xml 923000000 
wz/Mob.wz/9300100.img.xml 922020100 
wz/Mob.wz/9300101.img.xml 922200000 
wz/Mob.wz/9300102.img.xml 923010000 
wz/Mob.wz/9300103.img.xml 923010000 
wz/Mob.wz/9300104.img.xml 923010000 
wz/Mob.wz/9300105.img.xml 925100400 925100500 
wz/Mob.wz/9300106.img.xml 925100400 925100500 
wz/Mob.wz/9300108.img.xml 925100000 
wz/Mob.wz/9300109.img.xml 925100000 
wz/Mob.wz/9300110.img.xml 925100000 
wz/Mob.wz/9300111.img.xml 925100000 
wz/Mob.wz/9300112.img.xml 925100201 925100301 
wz/Mob.wz/9300113.img.xml 925100201 925100301 
wz/Mob.wz/9300114.img.xml 925100100 
wz/Mob.wz/9300115.img.xml 925100100 
wz/Mob.wz/9300116.img.xml 925100100 
wz/Mob.wz/9300117.img.xml 925100202 925100302 
wz/Mob.wz/9300118.img.xml 925100202 925100302 
wz/Mob.wz/9300119.img.xml 925100400 925100500 
wz/Mob.wz/9300120.img.xml 925100400 
wz/Mob.wz/9300121.img.xml 925100400 
wz/Mob.wz/9300122.img.xml 925100400 
wz/Mob.wz/9300126.img.xml 925100400 
wz/Mob.wz/9300127.img.xml 980000101 980000201 
wz/Mob.wz/9300131.img.xml 980000301 980000401 
wz/Mob.wz/9300133.img.xml 980000301 980000401 980000501 980000601 
wz/Mob.wz/9300134.img.xml 980000101 980000201 
wz/Mob.wz/9300136.img.xml 980000501 980000601 
wz/Mob.wz/9300137.img.xml 926100401 
wz/Mob.wz/9300138.img.xml 926110401 
wz/Mob.wz/9300141.img.xml 926120100 
wz/Mob.wz/9300145.img.xml 926100001 926110001 
wz/Mob.wz/9300146.img.xml 926100001 926110001 
wz/Mob.wz/9300147.img.xml 926100100 926110100 
wz/Mob.wz/9300148.img.xml 926100200 926110200 
wz/Mob.wz/9300150.img.xml 926100401 926110401 
wz/Mob.wz/9300153.img.xml 926130103 
wz/Mob.wz/9300154.img.xml 926130101 
wz/Mob.wz/9300155.img.xml 912000000 
wz/Mob.wz/9300157.img.xml 980010101 980010201 980010301 
wz/Mob.wz/9300158.img.xml 912010100 
wz/Mob.wz/9300159.img.xml 912010000 
wz/Mob.wz/9300160.img.xml 925010000 925010100 925010200 
wz/Mob.wz/9300161.img.xml 925010000 925010100 925010200 
wz/Mob.wz/9300162.img.xml 925010300 
wz/Mob.wz/9300163.img.xml 925010300 
wz/Mob.wz/9300164.img.xml 925010300 
wz/Mob.wz/9300165.img.xml 925010300 
wz/Mob.wz/9300169.img.xml 922010700 
wz/Mob.wz/9300170.img.xml 922010700 
wz/Mob.wz/9300171.img.xml 922010700 
wz/Mob.wz/9300172.img.xml 930000100 
wz/Mob.wz/9300173.img.xml 930000200 
wz/Mob.wz/9300175.img.xml 930000400 
wz/Mob.wz/9300269.img.xml 925020010 
wz/Mob.wz/9300271.img.xml 913000000 
wz/Mob.wz/9300272.img.xml 913000100 
wz/Mob.wz/9300273.img.xml 913000200 
wz/Mob.wz/9300274.img.xml 100010000 100010100 
wz/Mob.wz/9300287.img.xml 913010000 
wz/Mob.wz/9300288.img.xml 913010100 
wz/Mob.wz/9300289.img.xml 913010200 
wz/Mob.wz/9300290.img.xml 913010300 
wz/Mob.wz/9300291.img.xml 913020000 
wz/Mob.wz/9300292.img.xml 913020100 
wz/Mob.wz/9300293.img.xml 913020200 
wz/Mob.wz/9300294.img.xml 913020300 
wz/Mob.wz/9300311.img.xml 910032100 
wz/Mob.wz/9300312.img.xml 910032100 
wz/Mob.wz/9300313.img.xml 910031000 
wz/Mob.wz/9300314.img.xml 910031000 
wz/Mob.wz/9300315.img.xml 980031100 980033100 
wz/Mob.wz/9300316.img.xml 980031100 980033100 
wz/Mob.wz/9300317.img.xml 980032100 
wz/Mob.wz/9300318.img.xml 980032100 
wz/Mob.wz/9300325.img.xml 910033100 910033200 
wz/Mob.wz/9300326.img.xml 910520000 
wz/Mob.wz/9300328.img.xml 130030002 
wz/Mob.wz/9300339.img.xml 922241000 
wz/Mob.wz/9300341.img.xml 914010000 
wz/Mob.wz/9300342.img.xml 914010100 
wz/Mob.wz/9300343.img.xml 914010200 
wz/Mob.wz/9300345.img.xml 104000000 104000004 
wz/Mob.wz/9300346.img.xml 910510100 
wz/Mob.wz/9300348.img.xml 200060000 200060001 920030000 
wz/Mob.wz/9300350.img.xml 925040001 
wz/Mob.wz/9300354.img.xml 914030000 
wz/Mob.wz/9300378.img.xml 200060001 
wz/Mob.wz/9300379.img.xml 914000200 
wz/Mob.wz/9300380.img.xml 914000210 
wz/Mob.wz/9300381.img.xml 914000220 
wz/Mob.wz/9300383.img.xml 140090300 
wz/Mob.wz/9302000.img.xml 390000000 
wz/Mob.wz/9302001.img.xml 390000100 
wz/Mob.wz/9302002.img.xml 390000200 
wz/Mob.wz/9302003.img.xml 390000300 
wz/Mob.wz/9302004.img.xml 390000400 
wz/Mob.wz/9302005.img.xml 390000500 
wz/Mob.wz/9302006.img.xml 390000600 
wz/Mob.wz/9302007.img.xml 390000700 
wz/Mob.wz/9302008.img.xml 390000800 
wz/Mob.wz/9302009.img.xml 390000900 
wz/Mob.wz/9302010.img.xml 390001000 
wz/Mob.wz/9400000.img.xml 800020000 800020100 800020101 
wz/Mob.wz/9400001.img.xml 800030000 
wz/Mob.wz/9400002.img.xml 800010001 800030000 
wz/Mob.wz/9400003.img.xml 800020200 800020300 
wz/Mob.wz/9400004.img.xml 800020110 800020200 
wz/Mob.wz/9400011.img.xml 800020110 
wz/Mob.wz/9400012.img.xml 800020120 
wz/Mob.wz/9400013.img.xml 800020130 
wz/Mob.wz/9400014.img.xml 800020130 
wz/Mob.wz/9400100.img.xml 801010000 801020000 801030000 801040100 
wz/Mob.wz/9400101.img.xml 801010000 801020000 801030000 801040100 
wz/Mob.wz/9400102.img.xml 801020000 801030000 801040100 
wz/Mob.wz/9400103.img.xml 801040001 801040002 801040003 801040100 
wz/Mob.wz/9400110.img.xml 801020000 801030000 801040002 801040003 801040100 
wz/Mob.wz/9400111.img.xml 801020000 801030000 801040001 801040003 801040100 
wz/Mob.wz/9400120.img.xml 801030000 
wz/Mob.wz/9400121.img.xml 801040003 
wz/Mob.wz/9400122.img.xml 801040004 801040100 
wz/Mob.wz/9400204.img.xml 801000110 801000210 
wz/Mob.wz/9400205.img.xml 800010100 
wz/Mob.wz/9400310.img.xml 889100001 
wz/Mob.wz/9400311.img.xml 889100001 
wz/Mob.wz/9400312.img.xml 889100001 
wz/Mob.wz/9400313.img.xml 889100011 
wz/Mob.wz/9400314.img.xml 889100011 
wz/Mob.wz/9400315.img.xml 889100011 
wz/Mob.wz/9400316.img.xml 889100021 
wz/Mob.wz/9400317.img.xml 889100000 889100001 889100010 889100011 889100020 889100021 889100100 
wz/Mob.wz/9400318.img.xml 889100000 889100001 889100010 889100011 889100020 889100021 889100100 
wz/Mob.wz/9400506.img.xml 680000400 
wz/Mob.wz/9400507.img.xml 680000400 
wz/Mob.wz/9400509.img.xml 670000100 670000200 680010000 680010100 
wz/Mob.wz/9400515.img.xml 670000100 670000200 670010200 670010300 670010301 670010302 670010400 
wz/Mob.wz/9400516.img.xml 670000100 670000200 670010200 670010300 670010301 670010302 670010400 
wz/Mob.wz/9400517.img.xml 670010200 670010300 670010301 670010302 670010400 
wz/Mob.wz/9400518.img.xml 670010100 670010200 670011000 
wz/Mob.wz/9400524.img.xml 670010500 
wz/Mob.wz/9400530.img.xml 670010500 
wz/Mob.wz/9400531.img.xml 670010500 
wz/Mob.wz/9400533.img.xml 670010200 
wz/Mob.wz/9400534.img.xml 670010200 
wz/Mob.wz/9400535.img.xml 670010200 
wz/Mob.wz/9400538.img.xml 600010000 600010100 600010200 
wz/Mob.wz/9400539.img.xml 600010000 600010100 600010300 
wz/Mob.wz/9400540.img.xml 600020100 600020200 
wz/Mob.wz/9400542.img.xml 600020100 600020400 
wz/Mob.wz/9400543.img.xml 600010200 600010400 600020500 
wz/Mob.wz/9400544.img.xml 600010500 600010600 
wz/Mob.wz/9400545.img.xml 600020300 
wz/Mob.wz/9400546.img.xml 600010400 
wz/Mob.wz/9400547.img.xml 600010100 600010300 
wz/Mob.wz/9400548.img.xml 600010200 600010300 600010400 600020100 
wz/Mob.wz/9400549.img.xml 610010005 610010010 610010011 610010013 610010200 610010201 610010202 682000001 
wz/Mob.wz/9400551.img.xml 105090300 
wz/Mob.wz/9400556.img.xml 682000100 682000300 682000500 682000600 682000900 
wz/Mob.wz/9400557.img.xml 682000100 682000300 682000305 682000500 682000505 682000900 
wz/Mob.wz/9400558.img.xml 682000300 682000302 682000303 682000305 682000505 682000900 
wz/Mob.wz/9400559.img.xml 682000100 682000301 682000303 682000305 682000400 682000403 682000601 682000602 682000603 682000604 682000605 
wz/Mob.wz/9400560.img.xml 682000301 682000403 682000500 682000602 
wz/Mob.wz/9400561.img.xml 682000501 682000601 682000602 682000603 682000800 
wz/Mob.wz/9400562.img.xml 682000501 682000502 682000601 682000602 682000603 
wz/Mob.wz/9400563.img.xml 682000400 682000402 682000404 682000500 682000503 682000600 682000601 682000604 682000900 
wz/Mob.wz/9400564.img.xml 682000302 682000304 682000402 682000700 
wz/Mob.wz/9400565.img.xml 682000800 
wz/Mob.wz/9400573.img.xml 610020004 
wz/Mob.wz/9400574.img.xml 610020004 
wz/Mob.wz/9400575.img.xml 610010005 610010012 610010013 610010100 610010101 610010102 610010103 610010104 
wz/Mob.wz/9400576.img.xml 610010003 610010200 610010201 610010202 610020002 610020005 610020011 610020012 610020013 610020014 610020015 610030011 
wz/Mob.wz/9400577.img.xml 610010005 610020003 610020005 610020010 610020012 610020014 610030012 
wz/Mob.wz/9400578.img.xml 610030520 610030521 610030522 
wz/Mob.wz/9400579.img.xml 610010003 610020003 610020005 610020013 610020014 610020015 610030013 
wz/Mob.wz/9400580.img.xml 610010001 610010003 610010005 610010012 610010013 610020003 610030520 610030521 610030522 
wz/Mob.wz/9400581.img.xml 610010005 610020002 610020005 610020010 610020011 610020015 610030014 610030520 610030521 610030522 
wz/Mob.wz/9400582.img.xml 610020006 610030015 610030510 610030600 
wz/Mob.wz/9400584.img.xml 610010000 610010001 610010002 610010005 610010010 610010011 
wz/Mob.wz/9400586.img.xml 610020002 610020003 
wz/Mob.wz/9400588.img.xml 610010000 610010001 610010002 610010003 610010005 610010011 610010013 610010100 610010101 610010102 610010103 610010104 610010200 610010201 610010202 
wz/Mob.wz/9400590.img.xml 610030600 
wz/Mob.wz/9400591.img.xml 610030600 
wz/Mob.wz/9400592.img.xml 610030600 
wz/Mob.wz/9400593.img.xml 610030600 
wz/Mob.wz/9400594.img.xml 610030530 610030600 
wz/Mob.wz/9400595.img.xml 610030400 
wz/Mob.wz/9400601.img.xml 683000100 
wz/Mob.wz/9400602.img.xml 683000100 
wz/Mob.wz/9400603.img.xml 683000110 
wz/Mob.wz/9400604.img.xml 683000110 
wz/Mob.wz/9400605.img.xml 683000120 
wz/Mob.wz/9400606.img.xml 683000120 
wz/Mob.wz/9400609.img.xml 677000011 
wz/Mob.wz/9400611.img.xml 677000011 
wz/Mob.wz/9400612.img.xml 677000011 
wz/Mob.wz/9400613.img.xml 677000011 
wz/Mob.wz/9400614.img.xml 104040001 104040002 
wz/Mob.wz/9400615.img.xml 104040001 104040002 
wz/Mob.wz/9400616.img.xml 104040001 104040002 
wz/Mob.wz/9400617.img.xml 100030000 104040001 
wz/Mob.wz/9400618.img.xml 102020300 
wz/Mob.wz/9400619.img.xml 102020300 
wz/Mob.wz/9400620.img.xml 101010102 
wz/Mob.wz/9400621.img.xml 103030200 
wz/Mob.wz/9400622.img.xml 103030200 
wz/Mob.wz/9400623.img.xml 677000011 
wz/Mob.wz/9400638.img.xml 682000300 682000400 682000500 682000504 682000600 682000800 682000900 682010201 
wz/Mob.wz/9400639.img.xml 682000400 682000404 682000500 682000503 682000504 682000604 682000800 682010202 
wz/Mob.wz/9400640.img.xml 682000405 682000500 682000502 682000504 682000602 682000603 682000605 682000800 682010203 
wz/Mob.wz/9400655.img.xml 100030000 
wz/Mob.wz/9400656.img.xml 100030000 
wz/Mob.wz/9400657.img.xml 101010102 
wz/Mob.wz/9400704.img.xml 674030000 
wz/Mob.wz/9400714.img.xml 209080000 
wz/Mob.wz/9400741.img.xml 674030300 
wz/Mob.wz/9400742.img.xml 674030300 
wz/Mob.wz/9400743.img.xml 674030300 
wz/Mob.wz/9400744.img.xml 674030300 
wz/Mob.wz/9400745.img.xml 674030300 
wz/Mob.wz/9400746.img.xml 674030300 
wz/Mob.wz/9400747.img.xml 674030300 
wz/Mob.wz/9400748.img.xml 674030300 
wz/Mob.wz/9409000.img.xml 2 
wz/Mob.wz/9409001.img.xml 2 
wz/Mob.wz/9420500.img.xml 540000100 540000200 
wz/Mob.wz/9420501.img.xml 540020000 
wz/Mob.wz/9420502.img.xml 540000100 540000200 
wz/Mob.wz/9420503.img.xml 540000200 540000300 
wz/Mob.wz/9420504.img.xml 541000100 
wz/Mob.wz/9420505.img.xml 541000100 
wz/Mob.wz/9420506.img.xml 540000200 540000300 
wz/Mob.wz/9420507.img.xml 540020100 
wz/Mob.wz/9420508.img.xml 541000200 
wz/Mob.wz/9420509.img.xml 541000200 541010000 
wz/Mob.wz/9420510.img.xml 541000300 541010010 
wz/Mob.wz/9420511.img.xml 541000300 541010040 
wz/Mob.wz/9420512.img.xml 541010050 
wz/Mob.wz/9420527.img.xml 550000100 
wz/Mob.wz/9420528.img.xml 550000100 
wz/Mob.wz/9420529.img.xml 550000200 
wz/Mob.wz/9420530.img.xml 550000200 
wz/Mob.wz/9420531.img.xml 551000200 
wz/Mob.wz/9420532.img.xml 551000200 
wz/Mob.wz/9420533.img.xml 550000300 551000100 
wz/Mob.wz/9420534.img.xml 550000400 551000100 
wz/Mob.wz/9420535.img.xml 551010000 551030001 
wz/Mob.wz/9420536.img.xml 551010000 551030001 
wz/Mob.wz/9420537.img.xml 551020000 
wz/Mob.wz/9420538.img.xml 551020000 
wz/Mob.wz/9420539.img.xml 551030000 
wz/Mob.wz/9420540.img.xml 551030100 
wz/Mob.wz/9500102.img.xml 1010400 
wz/Mob.wz/9500182.img.xml 922210000 922210100 922210200 922210400 922210500 922210600 922210700 922210800 922210900 922211000 922211100 922211200 922211300 922211400 922211500 922211600 922211700 922211800 922211900 922212000 922212100 922212200 922212300 922212400 922212500 922212600 922212700 922212800 922212900 922213000 
wz/Mob.wz/9500183.img.xml 922210100 922210200 922210500 922210600 922210800 922210900 922211000 922211200 922211300 922211500 922211600 922211800 922211900 922212100 922212200 922212400 922212500 922212700 922212800 922213000 
wz/Mob.wz/9500197.img.xml 229030200 229030600 229030900 
wz/Mob.wz/9500200.img.xml 230000003 
wz/Mob.wz/9500201.img.xml 230000003 
wz/Mob.wz/9500202.img.xml 230000003 
wz/Mob.wz/9500203.img.xml 230000003 
wz/Mob.wz/9500204.img.xml 230000003 
wz/Mob.wz/9500323.img.xml 926120400 926120401 926120402 926120403 926120404 926120405 926120406 926120407 926120408 926120409 
wz/Mob.wz/9500324.img.xml 926120400 926120401 926120402 926120403 926120404 926120405 926120406 926120407 926120408 926120409 
wz/Mob.wz/9500336.img.xml 970020001 970020002 970020003 970020004 970020005 
wz/Mob.wz/9500337.img.xml 970030100 970030101 970030102 970030103 970030104 970030105 970030106 970030107 970030108 970030109 970030110 970030111 970040100 970040101 970040102 970040103 970040104 970040105 970040106 970040107 970040108 970040109 970040110 970040111 970040112 970040113 970040114 970040115 970040116 970040117 
wz/Mob.wz/9500338.img.xml 970030200 970030201 970030202 970030203 970030204 970030205 970030206 970030207 970030208 970030209 970030210 970030211 970040200 970040201 970040202 970040203 970040204 970040205 970040206 970040207 970040208 970040209 970040210 970040211 970040212 970040213 970040214 970040215 970040216 970040217 
wz/Mob.wz/9500339.img.xml 970030300 970030301 970030302 970030303 970030304 970030305 970030306 970030307 970030308 970030309 970030310 970030311 970040300 970040301 970040302 970040303 970040304 970040305 970040306 970040307 970040308 970040309 970040310 970040311 970040312 970040313 970040314 970040315 970040316 970040317 
wz/Mob.wz/9500340.img.xml 970030400 970030401 970030402 970030403 970030404 970030405 970030406 970030407 970030408 970030409 970030410 970030411 970040400 970040401 970040402 970040403 970040404 970040405 970040406 970040407 970040408 970040409 970040410 970040411 970040412 970040413 970040414 970040415 970040416 970040417 
wz/Mob.wz/9500341.img.xml 970030500 970030501 970030502 970030503 970030504 970030505 970030506 970030507 970030508 970030509 970030510 970030511 970040500 970040501 970040502 970040503 970040504 970040505 970040506 970040507 970040508 970040509 970040510 970040511 970040512 970040513 970040514 970040515 970040516 970040517 
wz/Mob.wz/9500342.img.xml 970030600 970030601 970030602 970030603 970030604 970030605 970030606 970030607 970030608 970030609 970030610 970030611 970040600 970040601 970040602 970040603 970040604 970040605 970040606 970040607 970040608 970040609 970040610 970040611 970040612 970040613 970040614 970040615 970040616 970040617 
wz/Mob.wz/9500343.img.xml 970030700 970030701 970030702 970030703 970030704 970030705 970030706 970030707 970030708 970030709 970030710 970030711 970040700 970040701 970040702 970040703 970040704 970040705 970040706 970040707 970040708 970040709 970040710 970040711 970040712 970040713 970040714 970040715 970040716 970040717 
wz/Mob.wz/9500344.img.xml 970030800 970030801 970030802 970030803 970030804 970030805 970030806 970030807 970030808 970030809 970030810 970030811 970040800 970040801 970040802 970040803 970040804 970040805 970040806 970040807 970040808 970040809 970040810 970040811 970040812 970040813 970040814 970040815 970040816 970040817 
wz/Mob.wz/9500345.img.xml 970030900 970030901 970030902 970030903 970030904 970030905 970030906 970030907 970030908 970030909 970030910 970030911 970040900 970040901 970040902 970040903 970040904 970040905 970040906 970040907 970040908 970040909 970040910 970040911 970040912 970040913 970040914 970040915 970040916 970040917 
wz/Mob.wz/9500346.img.xml 970031000 970031001 970031002 970031003 970031004 970031005 970031006 970031007 970031008 970031009 970031010 970031011 970041000 970041001 970041002 970041003 970041004 970041005 970041006 970041007 970041008 970041009 970041010 970041011 970041012 970041013 970041014 970041015 970041016 970041017 
wz/Mob.wz/9500347.img.xml 970031100 970031101 970031102 970031103 970031104 970031105 970031106 970031107 970031108 970031109 970031110 970031111 970041100 970041101 970041102 970041103 970041104 970041105 970041106 970041107 970041108 970041109 970041110 970041111 970041112 970041113 970041114 970041115 970041116 970041117 
wz/Mob.wz/9500348.img.xml 970031200 970031201 970031202 970031203 970031204 970031205 970031206 970031207 970031208 970031209 970031210 970031211 970041200 970041201 970041202 970041203 970041204 970041205 970041206 970041207 970041208 970041209 970041210 970041211 970041212 970041213 970041214 970041215 970041216 970041217 
wz/Mob.wz/9500349.img.xml 970031300 970031301 970031302 970031303 970031304 970031305 970031306 970031307 970031308 970031309 970031310 970031311 970041300 970041301 970041302 970041303 970041304 970041305 970041306 970041307 970041308 970041309 970041310 970041311 970041312 970041313 970041314 970041315 970041316 970041317 
wz/Mob.wz/9500350.img.xml 970031400 970031401 970031402 970031403 970031404 970031405 970031406 970031407 970031408 970031409 970031410 970031411 970041400 970041401 970041402 970041403 970041404 970041405 970041406 970041407 970041408 970041409 970041410 970041411 970041412 970041413 970041414 970041415 970041416 970041417 
wz/Mob.wz/9500351.img.xml 970031500 970031501 970031502 970031503 970031504 970031505 970031506 970031507 970031508 970031509 970031510 970031511 970041500 970041501 970041502 970041503 970041504 970041505 970041506 970041507 970041508 970041509 970041510 970041511 970041512 970041513 970041514 970041515 970041516 970041517 
wz/Mob.wz/9500352.img.xml 970031600 970031601 970031602 970031603 970031604 970031605 970031606 970031607 970031608 970031609 970031610 970031611 970041600 970041601 970041602 970041603 970041604 970041605 970041606 970041607 970041608 970041609 970041610 970041611 970041612 970041613 970041614 970041615 970041616 970041617 
wz/Mob.wz/9500353.img.xml 970031700 970031701 970031702 970031703 970031704 970031705 970031706 970031707 970031708 970031709 970031710 970031711 970041700 970041701 970041702 970041703 970041704 970041705 970041706 970041707 970041708 970041709 970041710 970041711 970041712 970041713 970041714 970041715 970041716 970041717 
wz/Mob.wz/9500354.img.xml 970031800 970031801 970031802 970031803 970031804 970031805 970031806 970031807 970031808 970031809 970031810 970031811 970041800 970041801 970041802 970041803 970041804 970041805 970041806 970041807 970041808 970041809 970041810 970041811 970041812 970041813 970041814 970041815 970041816 970041817 
wz/Mob.wz/9500355.img.xml 970031900 970031901 970031902 970031903 970031904 970031905 970031906 970031907 970031908 970031909 970031910 970031911 970041900 970041901 970041902 970041903 970041904 970041905 970041906 970041907 970041908 970041909 970041910 970041911 970041912 970041913 970041914 970041915 970041916 970041917 
wz/Mob.wz/9500356.img.xml 970032000 970032001 970032002 970032003 970032004 970032005 970032006 970032007 970032008 970032009 970032010 970032011 970042000 970042001 970042002 970042003 970042004 970042005 970042006 970042007 970042008 970042009 970042010 970042011 970042012 970042013 970042014 970042015 970042016 970042017 
wz/Mob.wz/9500357.img.xml 970032100 970032101 970032102 970032103 970032104 970032105 970032106 970032107 970032108 970032109 970032110 970032111 970042100 970042101 970042102 970042103 970042104 970042105 970042106 970042107 970042108 970042109 970042110 970042111 970042112 970042113 970042114 970042115 970042116 970042117 
wz/Mob.wz/9500358.img.xml 970032200 970032201 970032202 970032203 970032204 970032205 970032206 970032207 970032208 970032209 970032210 970032211 970042200 970042201 970042202 970042203 970042204 970042205 970042206 970042207 970042208 970042209 970042210 970042211 970042212 970042213 970042214 970042215 970042216 970042217 
wz/Mob.wz/9500359.img.xml 970032300 970032301 970032302 970032303 970032304 970032305 970032306 970032307 970032308 970032309 970032310 970032311 970042300 970042301 970042302 970042303 970042304 970042305 970042306 970042307 970042308 970042309 970042310 970042311 970042312 970042313 970042314 970042315 970042316 970042317 
wz/Mob.wz/9500360.img.xml 970032400 970032401 970032402 970032403 970032404 970032405 970032406 970032407 970032408 970032409 970032410 970032411 970042400 970042401 970042402 970042403 970042404 970042405 970042406 970042407 970042408 970042409 970042410 970042411 970042412 970042413 970042414 970042415 970042416 970042417 
wz/Mob.wz/9500361.img.xml 970032500 970032501 970032502 970032503 970032504 970032505 970032506 970032507 970032508 970032509 970032510 970032511 970042500 970042501 970042502 970042503 970042504 970042505 970042506 970042507 970042508 970042509 970042510 970042511 970042512 970042513 970042514 970042515 970042516 970042517 
wz/Mob.wz/9500362.img.xml 970032600 970032601 970032602 970032603 970032604 970032605 970032606 970032607 970032608 970032609 970032610 970032611 970042600 970042601 970042602 970042603 970042604 970042605 970042606 970042607 970042608 970042609 970042610 970042611 970042612 970042613 970042614 970042615 970042616 970042617 
wz/Mob.wz/9500363.img.xml 970032700 970032701 970032702 970032703 970032704 970032705 970032706 970032707 970032708 970032709 970032710 970032711 970042700 970042701 970042702 970042703 970042704 970042705 970042706 970042707 970042708 970042709 970042710 970042711 970042712 970042713 970042714 970042715 970042716 970042717 
wz/Mob.wz/9700000.img.xml 910320100 910330100 
wz/Mob.wz/9700001.img.xml 910320100 910320200 910330100 910330200 
wz/Mob.wz/9700002.img.xml 910320200 910320300 910330200 910330300 
wz/Mob.wz/9700003.img.xml 910320300 910330300 
wz/Mob.wz/9700004.img.xml 926010100 926010200 926020100 926020200 
wz/Mob.wz/9700005.img.xml 926010100 926010200 926010300 926020100 926020200 926020300 
wz/Mob.wz/9700006.img.xml 926010200 926010300 926010400 926020200 926020300 926020400 
wz/Mob.wz/9700007.img.xml 926010300 926010400 926010500 926020300 926020400 926020500 
wz/Mob.wz/9700008.img.xml 926010400 926010500 926020400 926020500 
wz/Mob.wz/9700009.img.xml 926011100 926011200 926021100 926021200 
wz/Mob.wz/9700010.img.xml 926011100 926011200 926011300 926021100 926021200 926021300 
wz/Mob.wz/9700011.img.xml 926011200 926011300 926011400 926021200 926021300 926021400 
wz/Mob.wz/9700012.img.xml 926011300 926011400 926011500 926021300 926021400 926021500 
wz/Mob.wz/9700013.img.xml 926011400 926011500 926021400 926021500 
wz/Mob.wz/9700014.img.xml 926012100 926012200 926022100 926022200 
wz/Mob.wz/9700015.img.xml 926012100 926012200 926012300 926022100 926022200 926022300 
wz/Mob.wz/9700016.img.xml 926012200 926012300 926012400 926022200 926022300 926022400 
wz/Mob.wz/9700017.img.xml 926012300 926012400 926012500 926022300 926022400 926022500 
wz/Mob.wz/9700018.img.xml 926012400 926012500 926022400 926022500 
wz/Mob.wz/9700024.img.xml 926013100 926013200 926023100 926023200 
wz/Mob.wz/9700025.img.xml 926013100 926013200 926013300 926023100 926023200 926023300 
wz/Mob.wz/9700026.img.xml 926013200 926013300 926013400 926023200 926023300 926023400 
wz/Mob.wz/9700027.img.xml 926013300 926013400 926013500 926023300 926023400 926023500 
wz/Mob.wz/9700028.img.xml 926013400 926013500 926023400 926023500 
