4005000 10 4004000
4005001 10 4004001
4005002 10 4004002
4005003 10 4004003
4005004 10 4004004
4011000 10 4010000
4011001 10 4010001
4011002 10 4010002
4011003 10 4010003
4011004 10 4010004
4011005 10 4010005
4011006 10 4010006
4011007 1 4011000 1 4011001 1 4011002 1 4011003 1 4011004 1 4011005 1 4011006
4011008 10 4010007
4021000 10 4020000
4021001 10 4020001
4021002 10 4020002
4021003 10 4020003
4021004 10 4020004
4021005 10 4020005
4021006 10 4020006
4021007 10 4020007
4021008 10 4020008
4021009 1 4021000 1 4021001 1 4021002 1 4021003 1 4021004 1 4021005 1 4021006 1 4021007 1 4021008