scripts/map/onUserEnter/100000006.js 100000100 100000101 100000102 100000103 100000104 100000105 106020000 
scripts/map/onFirstUserEnter/100000006.js 100000100 100000101 100000102 100000103 100000104 100000105 106020000 
scripts/map/onUserEnter/BF_sheepChat.js 109090100 109090101 109090102 109090103 109090104 910040110 910040210 910040310 910041110 910041210 910041310 
scripts/map/onFirstUserEnter/BF_sheepChat.js 109090100 109090101 109090102 109090103 109090104 910040110 910040210 910040310 910041110 910041210 910041310 
scripts/map/onUserEnter/BF_sheepSet.js 109090100 109090101 109090102 109090103 109090104 910040110 910040210 910040310 910041110 910041210 910041310 
scripts/map/onFirstUserEnter/BF_sheepSet.js 109090100 109090101 109090102 109090103 109090104 910040110 910040210 910040310 910041110 910041210 910041310 
scripts/map/onUserEnter/BF_wolfChat.js 109090200 109090201 109090202 109090203 109090204 910040120 910040220 910040320 910041120 910041220 910041320 
scripts/map/onFirstUserEnter/BF_wolfChat.js 109090200 109090201 109090202 109090203 109090204 910040120 910040220 910040320 910041120 910041220 910041320 
scripts/map/onUserEnter/BF_wolfSet.js 109090200 109090201 109090202 109090203 109090204 910040120 910040220 910040320 910041120 910041220 910041320 
scripts/map/onFirstUserEnter/BF_wolfSet.js 109090200 109090201 109090202 109090203 109090204 910040120 910040220 910040320 910041120 910041220 910041320 
scripts/map/onUserEnter/Depart_BossEnter.js 103040400 
scripts/map/onFirstUserEnter/Depart_BossEnter.js 103040400 
scripts/map/onUserEnter/Depart_Boss_F_Enter.js 103040400 
scripts/map/onFirstUserEnter/Depart_Boss_F_Enter.js 103040400 
scripts/map/onUserEnter/Depart_inSubway.js 103000100 
scripts/map/onFirstUserEnter/Depart_inSubway.js 103000100 
scripts/map/onUserEnter/Depart_topFloorEnter.js 103040400 
scripts/map/onFirstUserEnter/Depart_topFloorEnter.js 103040400 
scripts/map/onUserEnter/MalayBoss_Int.js 551030200 
scripts/map/onFirstUserEnter/MalayBoss_Int.js 551030200 
scripts/map/onUserEnter/Massacre_first.js 103000103 910320101 910320102 910320103 910320104 910330101 910330102 910330103 910330104 910330105 910330106 910330107 910330108 910330109 926010000 926010101 926010102 926010103 926010104 926011101 926011102 926011103 926011104 926012101 926012102 926012103 926012104 926013101 926013102 926013103 926013104 926020101 926020102 926020103 926020104 926020105 926020106 926020107 926020108 926020109 926021101 926021102 926021103 926021104 926021105 926021106 926021107 926021108 926021109 926022101 926022102 926022103 926022104 926022105 926022106 926022107 926022108 926022109 926023101 926023102 926023103 926023104 926023105 926023106 926023107 926023108 926023109 
scripts/map/onFirstUserEnter/Massacre_first.js 103000103 910320101 910320102 910320103 910320104 910330101 910330102 910330103 910330104 910330105 910330106 910330107 910330108 910330109 926010000 926010101 926010102 926010103 926010104 926011101 926011102 926011103 926011104 926012101 926012102 926012103 926012104 926013101 926013102 926013103 926013104 926020101 926020102 926020103 926020104 926020105 926020106 926020107 926020108 926020109 926021101 926021102 926021103 926021104 926021105 926021106 926021107 926021108 926021109 926022101 926022102 926022103 926022104 926022105 926022106 926022107 926022108 926022109 926023101 926023102 926023103 926023104 926023105 926023106 926023107 926023108 926023109 
scripts/map/onUserEnter/Massacre_result.js 103000103 926010000 926010002 926010003 926010004 
scripts/map/onFirstUserEnter/Massacre_result.js 103000103 926010000 926010002 926010003 926010004 
scripts/map/onUserEnter/PinkBeen_before.js 270050000 
scripts/map/onFirstUserEnter/PinkBeen_before.js 270050000 
scripts/map/onUserEnter/StageMsg_davy.js 251010404 260000200 260000302 
scripts/map/onFirstUserEnter/StageMsg_davy.js 251010404 260000200 260000302 
scripts/map/onUserEnter/StageMsg_juliet.js 261000000 261000010 261000021 261020400 261020600 926120400 926120401 926120402 926120403 926120404 926120405 926120406 926120407 926120408 926120409 926120410 
scripts/map/onFirstUserEnter/StageMsg_juliet.js 261000000 261000010 261000021 261020400 261020600 926120400 926120401 926120402 926120403 926120404 926120405 926120406 926120407 926120408 926120409 926120410 
scripts/map/onUserEnter/StageMsg_romio.js 261000011 
scripts/map/onFirstUserEnter/StageMsg_romio.js 261000011 
scripts/map/onUserEnter/StageMsg_together.js 103000000 
scripts/map/onFirstUserEnter/StageMsg_together.js 103000000 
scripts/map/onUserEnter/TD_MC_Openning.js 106020000 
scripts/map/onFirstUserEnter/TD_MC_Openning.js 106020000 
scripts/map/onUserEnter/TD_MC_gasi.js 106020400 
scripts/map/onFirstUserEnter/TD_MC_gasi.js 106020400 
scripts/map/onUserEnter/TD_MC_gasi2.js 106020501 
scripts/map/onFirstUserEnter/TD_MC_gasi2.js 106020501 
scripts/map/onUserEnter/TD_MC_keycheck.js 106021400 
scripts/map/onFirstUserEnter/TD_MC_keycheck.js 106021400 
scripts/map/onUserEnter/TD_MC_title.js 106020000 
scripts/map/onFirstUserEnter/TD_MC_title.js 106020000 
scripts/map/onUserEnter/TD_NC_title.js 240070000 240070100 240070200 240070300 240070400 240070500 240070600 
scripts/map/onFirstUserEnter/TD_NC_title.js 240070000 240070100 240070200 240070300 240070400 240070500 240070600 
scripts/map/onUserEnter/TD_neo_BossEnter.js 240070000 240070203 240070303 240070403 240070503 240070603 
scripts/map/onFirstUserEnter/TD_neo_BossEnter.js 240070000 240070203 240070303 240070403 240070503 240070603 
scripts/map/onUserEnter/aranDirection.js 140000000 140030000 914090000 914090001 914090002 914090003 914090004 914090005 914090006 914090007 914090010 914090011 914090012 914090013 914090014 914090015 
scripts/map/onFirstUserEnter/aranDirection.js 140000000 140030000 914090000 914090001 914090002 914090003 914090004 914090005 914090006 914090007 914090010 914090011 914090012 914090013 914090014 914090015 
scripts/map/onUserEnter/aranTutorAlone.js 914000000 914000300 914000400 914000410 914000420 914000500 
scripts/map/onFirstUserEnter/aranTutorAlone.js 914000000 914000300 914000400 914000410 914000420 914000500 
scripts/map/onUserEnter/astaroth_summon.js 105050400 
scripts/map/onFirstUserEnter/astaroth_summon.js 105050400 
scripts/map/onUserEnter/balog_bonusSetting.js 105090200 106000000 106000100 106000101 106000110 106000120 106000130 106000140 106000200 106000300 106010000 106010100 
scripts/map/onFirstUserEnter/balog_bonusSetting.js 105090200 106000000 106000100 106000101 106000110 106000120 106000130 106000140 106000200 106000300 106010000 106010100 
scripts/map/onUserEnter/balog_buff.js 105090200 
scripts/map/onFirstUserEnter/balog_buff.js 105090200 
scripts/map/onUserEnter/balog_dateSet.js 105090200 106000000 106000100 106000101 106000110 106000120 106000130 106000140 106000200 106000300 106010000 106010100 
scripts/map/onFirstUserEnter/balog_dateSet.js 105090200 106000000 106000100 106000101 106000110 106000120 106000130 106000140 106000200 106000300 106010000 106010100 
scripts/map/onUserEnter/balog_summon.js 105090200 
scripts/map/onFirstUserEnter/balog_summon.js 105090200 
scripts/map/onUserEnter/cygnusJobTutorial.js 130000000 
scripts/map/onFirstUserEnter/cygnusJobTutorial.js 130000000 
scripts/map/onUserEnter/cygnusTest.js 100000000 913040000 913040001 913040002 913040003 913040004 913040005 
scripts/map/onFirstUserEnter/cygnusTest.js 100000000 913040000 913040001 913040002 913040003 913040004 913040005 
scripts/map/onUserEnter/dangerInfo.js 104000000 105090200 105090700 105090800 
scripts/map/onFirstUserEnter/dangerInfo.js 104000000 105090200 105090700 105090800 
scripts/map/onUserEnter/delDoyo.js 910020100 910020101 910020102 910020103 910020104 910020200 910020201 910020202 910020203 910020204 910020300 910020301 910020302 910020303 910020304 910021000 
scripts/map/onFirstUserEnter/delDoyo.js 910020100 910020101 910020102 910020103 910020104 910020200 910020201 910020202 910020203 910020204 910020300 910020301 910020302 910020303 910020304 910021000 
scripts/map/onUserEnter/dojang_1st.js 925020100 925020101 925020102 925020103 925020104 925020105 925020106 925020107 925020108 925020109 925020200 925020201 925020202 925020203 925020204 925020205 925020206 925020207 925020208 925020209 925020300 925020301 925020302 925020303 925020304 925020305 925020306 925020307 925020308 925020309 925020400 925020401 925020402 925020403 925020404 925020405 925020406 925020407 925020408 925020409 925020500 925020501 925020502 925020503 925020504 925020505 925020506 925020507 925020508 925020509 925020600 925020601 925020602 925020603 925020604 925020605 925020606 925020607 925020608 925020609 925020610 925020700 925020701 925020702 925020703 925020704 925020705 925020706 925020707 925020708 925020709 925020800 925020801 925020802 925020803 925020804 925020805 925020806 925020807 925020808 925020809 925020900 925020901 925020902 925020903 925020904 925020905 925020906 925020907 925020908 925020909 925021000 925021001 925021002 925021003 925021004 925021005 925021006 925021007 925021008 925021009 925021100 925021101 925021102 925021103 925021104 925021105 925021106 925021107 925021108 925021109 925021200 925021201 925021202 925021203 925021204 925021205 925021206 925021207 925021208 925021209 925021300 925021301 925021302 925021303 925021304 925021305 925021306 925021307 925021308 925021309 925021400 925021401 925021402 925021403 925021404 925021405 925021406 925021407 925021408 925021409 925021500 925021501 925021502 925021503 925021504 925021505 925021506 925021507 925021508 925021509 925021600 925021601 925021602 925021603 925021604 925021605 925021606 925021607 925021608 925021609 925021700 925021701 925021702 925021703 925021704 925021705 925021706 925021707 925021708 925021709 925021800 925021801 925021802 925021803 925021804 925021805 925021806 925021807 925021808 925021809 925021900 925021901 925021902 925021903 925021904 925021905 925021906 925021907 925021908 925021909 925022000 925022001 925022002 925022003 925022004 925022005 925022006 925022007 925022008 925022009 925022100 925022101 925022102 925022103 925022104 925022105 925022106 925022107 925022108 925022109 925022200 925022201 925022202 925022203 925022204 925022205 925022206 925022207 925022208 925022209 925022300 925022301 925022302 925022303 925022304 925022305 925022306 925022307 925022308 925022309 925022400 925022401 925022402 925022403 925022404 925022405 925022406 925022407 925022408 925022409 925022500 925022501 925022502 925022503 925022504 925022505 925022506 925022507 925022508 925022509 925022600 925022601 925022602 925022603 925022604 925022605 925022606 925022607 925022608 925022609 925022700 925022701 925022702 925022703 925022704 925022705 925022706 925022707 925022708 925022709 925022800 925022801 925022802 925022803 925022804 925022805 925022806 925022807 925022808 925022809 925022900 925022901 925022902 925022903 925022904 925022905 925022906 925022907 925022908 925022909 925023000 925023001 925023002 925023003 925023004 925023005 925023006 925023007 925023008 925023009 925023100 925023101 925023102 925023103 925023104 925023105 925023106 925023107 925023108 925023109 925023200 925023201 925023202 925023203 925023204 925023205 925023206 925023207 925023208 925023209 925023300 925023301 925023302 925023303 925023304 925023305 925023306 925023307 925023308 925023309 925023400 925023401 925023402 925023403 925023404 925023405 925023406 925023407 925023408 925023409 925023500 925023501 925023502 925023503 925023504 925023505 925023506 925023507 925023508 925023509 925023600 925023601 925023602 925023603 925023604 925023605 925023606 925023607 925023608 925023609 925023700 925023701 925023702 925023703 925023704 925023705 925023706 925023707 925023708 925023709 925023800 925023801 925023802 925023803 925023804 925023805 925023806 925023807 925023808 925023809 925030100 925030101 925030102 925030103 925030104 925030200 925030201 925030202 925030203 925030204 925030300 925030301 925030302 925030303 925030304 925030400 925030401 925030402 925030403 925030404 925030500 925030501 925030502 925030503 925030504 925030600 925030601 925030602 925030603 925030604 925030700 925030701 925030702 925030703 925030704 925030800 925030801 925030802 925030803 925030804 925030900 925030901 925030902 925030903 925030904 925031000 925031001 925031002 925031003 925031004 925031100 925031101 925031102 925031103 925031104 925031200 925031201 925031202 925031203 925031204 925031300 925031301 925031302 925031303 925031304 925031400 925031401 925031402 925031403 925031404 925031500 925031501 925031502 925031503 925031504 925031600 925031601 925031602 925031603 925031604 925031700 925031701 925031702 925031703 925031704 925031800 925031801 925031802 925031803 925031804 925031900 925031901 925031902 925031903 925031904 925032000 925032001 925032002 925032003 925032004 925032100 925032101 925032102 925032103 925032104 925032200 925032201 925032202 925032203 925032204 925032300 925032301 925032302 925032303 925032304 925032400 925032401 925032402 925032403 925032404 925032500 925032501 925032502 925032503 925032504 925032600 925032601 925032602 925032603 925032604 925032700 925032701 925032702 925032703 925032704 925032800 925032801 925032802 925032803 925032804 925032900 925032901 925032902 925032903 925032904 925033000 925033001 925033002 925033003 925033004 925033100 925033101 925033102 925033103 925033104 925033200 925033201 925033202 925033203 925033204 925033300 925033301 925033302 925033303 925033304 925033400 925033401 925033402 925033403 925033404 925033500 925033501 925033502 925033503 925033504 925033600 925033601 925033602 925033603 925033604 925033700 925033701 925033702 925033703 925033704 925033800 925033801 925033802 925033803 925033804 
scripts/map/onFirstUserEnter/dojang_1st.js 925020100 925020101 925020102 925020103 925020104 925020105 925020106 925020107 925020108 925020109 925020200 925020201 925020202 925020203 925020204 925020205 925020206 925020207 925020208 925020209 925020300 925020301 925020302 925020303 925020304 925020305 925020306 925020307 925020308 925020309 925020400 925020401 925020402 925020403 925020404 925020405 925020406 925020407 925020408 925020409 925020500 925020501 925020502 925020503 925020504 925020505 925020506 925020507 925020508 925020509 925020600 925020601 925020602 925020603 925020604 925020605 925020606 925020607 925020608 925020609 925020610 925020700 925020701 925020702 925020703 925020704 925020705 925020706 925020707 925020708 925020709 925020800 925020801 925020802 925020803 925020804 925020805 925020806 925020807 925020808 925020809 925020900 925020901 925020902 925020903 925020904 925020905 925020906 925020907 925020908 925020909 925021000 925021001 925021002 925021003 925021004 925021005 925021006 925021007 925021008 925021009 925021100 925021101 925021102 925021103 925021104 925021105 925021106 925021107 925021108 925021109 925021200 925021201 925021202 925021203 925021204 925021205 925021206 925021207 925021208 925021209 925021300 925021301 925021302 925021303 925021304 925021305 925021306 925021307 925021308 925021309 925021400 925021401 925021402 925021403 925021404 925021405 925021406 925021407 925021408 925021409 925021500 925021501 925021502 925021503 925021504 925021505 925021506 925021507 925021508 925021509 925021600 925021601 925021602 925021603 925021604 925021605 925021606 925021607 925021608 925021609 925021700 925021701 925021702 925021703 925021704 925021705 925021706 925021707 925021708 925021709 925021800 925021801 925021802 925021803 925021804 925021805 925021806 925021807 925021808 925021809 925021900 925021901 925021902 925021903 925021904 925021905 925021906 925021907 925021908 925021909 925022000 925022001 925022002 925022003 925022004 925022005 925022006 925022007 925022008 925022009 925022100 925022101 925022102 925022103 925022104 925022105 925022106 925022107 925022108 925022109 925022200 925022201 925022202 925022203 925022204 925022205 925022206 925022207 925022208 925022209 925022300 925022301 925022302 925022303 925022304 925022305 925022306 925022307 925022308 925022309 925022400 925022401 925022402 925022403 925022404 925022405 925022406 925022407 925022408 925022409 925022500 925022501 925022502 925022503 925022504 925022505 925022506 925022507 925022508 925022509 925022600 925022601 925022602 925022603 925022604 925022605 925022606 925022607 925022608 925022609 925022700 925022701 925022702 925022703 925022704 925022705 925022706 925022707 925022708 925022709 925022800 925022801 925022802 925022803 925022804 925022805 925022806 925022807 925022808 925022809 925022900 925022901 925022902 925022903 925022904 925022905 925022906 925022907 925022908 925022909 925023000 925023001 925023002 925023003 925023004 925023005 925023006 925023007 925023008 925023009 925023100 925023101 925023102 925023103 925023104 925023105 925023106 925023107 925023108 925023109 925023200 925023201 925023202 925023203 925023204 925023205 925023206 925023207 925023208 925023209 925023300 925023301 925023302 925023303 925023304 925023305 925023306 925023307 925023308 925023309 925023400 925023401 925023402 925023403 925023404 925023405 925023406 925023407 925023408 925023409 925023500 925023501 925023502 925023503 925023504 925023505 925023506 925023507 925023508 925023509 925023600 925023601 925023602 925023603 925023604 925023605 925023606 925023607 925023608 925023609 925023700 925023701 925023702 925023703 925023704 925023705 925023706 925023707 925023708 925023709 925023800 925023801 925023802 925023803 925023804 925023805 925023806 925023807 925023808 925023809 925030100 925030101 925030102 925030103 925030104 925030200 925030201 925030202 925030203 925030204 925030300 925030301 925030302 925030303 925030304 925030400 925030401 925030402 925030403 925030404 925030500 925030501 925030502 925030503 925030504 925030600 925030601 925030602 925030603 925030604 925030700 925030701 925030702 925030703 925030704 925030800 925030801 925030802 925030803 925030804 925030900 925030901 925030902 925030903 925030904 925031000 925031001 925031002 925031003 925031004 925031100 925031101 925031102 925031103 925031104 925031200 925031201 925031202 925031203 925031204 925031300 925031301 925031302 925031303 925031304 925031400 925031401 925031402 925031403 925031404 925031500 925031501 925031502 925031503 925031504 925031600 925031601 925031602 925031603 925031604 925031700 925031701 925031702 925031703 925031704 925031800 925031801 925031802 925031803 925031804 925031900 925031901 925031902 925031903 925031904 925032000 925032001 925032002 925032003 925032004 925032100 925032101 925032102 925032103 925032104 925032200 925032201 925032202 925032203 925032204 925032300 925032301 925032302 925032303 925032304 925032400 925032401 925032402 925032403 925032404 925032500 925032501 925032502 925032503 925032504 925032600 925032601 925032602 925032603 925032604 925032700 925032701 925032702 925032703 925032704 925032800 925032801 925032802 925032803 925032804 925032900 925032901 925032902 925032903 925032904 925033000 925033001 925033002 925033003 925033004 925033100 925033101 925033102 925033103 925033104 925033200 925033201 925033202 925033203 925033204 925033300 925033301 925033302 925033303 925033304 925033400 925033401 925033402 925033403 925033404 925033500 925033501 925033502 925033503 925033504 925033600 925033601 925033602 925033603 925033604 925033700 925033701 925033702 925033703 925033704 925033800 925033801 925033802 925033803 925033804 
scripts/map/onUserEnter/dojang_Eff.js 925020100 925020101 925020102 925020103 925020104 925020105 925020106 925020107 925020108 925020109 925020200 925020201 925020202 925020203 925020204 925020205 925020206 925020207 925020208 925020209 925020300 925020301 925020302 925020303 925020304 925020305 925020306 925020307 925020308 925020309 925020400 925020401 925020402 925020403 925020404 925020405 925020406 925020407 925020408 925020409 925020500 925020501 925020502 925020503 925020504 925020505 925020506 925020507 925020508 925020509 925020600 925020601 925020602 925020603 925020604 925020605 925020606 925020607 925020608 925020609 925020610 925020700 925020701 925020702 925020703 925020704 925020705 925020706 925020707 925020708 925020709 925020800 925020801 925020802 925020803 925020804 925020805 925020806 925020807 925020808 925020809 925020900 925020901 925020902 925020903 925020904 925020905 925020906 925020907 925020908 925020909 925021000 925021001 925021002 925021003 925021004 925021005 925021006 925021007 925021008 925021009 925021100 925021101 925021102 925021103 925021104 925021105 925021106 925021107 925021108 925021109 925021200 925021201 925021202 925021203 925021204 925021205 925021206 925021207 925021208 925021209 925021300 925021301 925021302 925021303 925021304 925021305 925021306 925021307 925021308 925021309 925021400 925021401 925021402 925021403 925021404 925021405 925021406 925021407 925021408 925021409 925021500 925021501 925021502 925021503 925021504 925021505 925021506 925021507 925021508 925021509 925021600 925021601 925021602 925021603 925021604 925021605 925021606 925021607 925021608 925021609 925021700 925021701 925021702 925021703 925021704 925021705 925021706 925021707 925021708 925021709 925021800 925021801 925021802 925021803 925021804 925021805 925021806 925021807 925021808 925021809 925021900 925021901 925021902 925021903 925021904 925021905 925021906 925021907 925021908 925021909 925022000 925022001 925022002 925022003 925022004 925022005 925022006 925022007 925022008 925022009 925022100 925022101 925022102 925022103 925022104 925022105 925022106 925022107 925022108 925022109 925022200 925022201 925022202 925022203 925022204 925022205 925022206 925022207 925022208 925022209 925022300 925022301 925022302 925022303 925022304 925022305 925022306 925022307 925022308 925022309 925022400 925022401 925022402 925022403 925022404 925022405 925022406 925022407 925022408 925022409 925022500 925022501 925022502 925022503 925022504 925022505 925022506 925022507 925022508 925022509 925022600 925022601 925022602 925022603 925022604 925022605 925022606 925022607 925022608 925022609 925022700 925022701 925022702 925022703 925022704 925022705 925022706 925022707 925022708 925022709 925022800 925022801 925022802 925022803 925022804 925022805 925022806 925022807 925022808 925022809 925022900 925022901 925022902 925022903 925022904 925022905 925022906 925022907 925022908 925022909 925023000 925023001 925023002 925023003 925023004 925023005 925023006 925023007 925023008 925023009 925023100 925023101 925023102 925023103 925023104 925023105 925023106 925023107 925023108 925023109 925023200 925023201 925023202 925023203 925023204 925023205 925023206 925023207 925023208 925023209 925023300 925023301 925023302 925023303 925023304 925023305 925023306 925023307 925023308 925023309 925023400 925023401 925023402 925023403 925023404 925023405 925023406 925023407 925023408 925023409 925023500 925023501 925023502 925023503 925023504 925023505 925023506 925023507 925023508 925023509 925023600 925023601 925023602 925023603 925023604 925023605 925023606 925023607 925023608 925023609 925023700 925023701 925023702 925023703 925023704 925023705 925023706 925023707 925023708 925023709 925023800 925023801 925023802 925023803 925023804 925023805 925023806 925023807 925023808 925023809 925030100 925030101 925030102 925030103 925030104 925030200 925030201 925030202 925030203 925030204 925030300 925030301 925030302 925030303 925030304 925030400 925030401 925030402 925030403 925030404 925030500 925030501 925030502 925030503 925030504 925030600 925030601 925030602 925030603 925030604 925030700 925030701 925030702 925030703 925030704 925030800 925030801 925030802 925030803 925030804 925030900 925030901 925030902 925030903 925030904 925031000 925031001 925031002 925031003 925031004 925031100 925031101 925031102 925031103 925031104 925031200 925031201 925031202 925031203 925031204 925031300 925031301 925031302 925031303 925031304 925031400 925031401 925031402 925031403 925031404 925031500 925031501 925031502 925031503 925031504 925031600 925031601 925031602 925031603 925031604 925031700 925031701 925031702 925031703 925031704 925031800 925031801 925031802 925031803 925031804 925031900 925031901 925031902 925031903 925031904 925032000 925032001 925032002 925032003 925032004 925032100 925032101 925032102 925032103 925032104 925032200 925032201 925032202 925032203 925032204 925032300 925032301 925032302 925032303 925032304 925032400 925032401 925032402 925032403 925032404 925032500 925032501 925032502 925032503 925032504 925032600 925032601 925032602 925032603 925032604 925032700 925032701 925032702 925032703 925032704 925032800 925032801 925032802 925032803 925032804 925032900 925032901 925032902 925032903 925032904 925033000 925033001 925033002 925033003 925033004 925033100 925033101 925033102 925033103 925033104 925033200 925033201 925033202 925033203 925033204 925033300 925033301 925033302 925033303 925033304 925033400 925033401 925033402 925033403 925033404 925033500 925033501 925033502 925033503 925033504 925033600 925033601 925033602 925033603 925033604 925033700 925033701 925033702 925033703 925033704 925033800 925033801 925033802 925033803 925033804 
scripts/map/onFirstUserEnter/dojang_Eff.js 925020100 925020101 925020102 925020103 925020104 925020105 925020106 925020107 925020108 925020109 925020200 925020201 925020202 925020203 925020204 925020205 925020206 925020207 925020208 925020209 925020300 925020301 925020302 925020303 925020304 925020305 925020306 925020307 925020308 925020309 925020400 925020401 925020402 925020403 925020404 925020405 925020406 925020407 925020408 925020409 925020500 925020501 925020502 925020503 925020504 925020505 925020506 925020507 925020508 925020509 925020600 925020601 925020602 925020603 925020604 925020605 925020606 925020607 925020608 925020609 925020610 925020700 925020701 925020702 925020703 925020704 925020705 925020706 925020707 925020708 925020709 925020800 925020801 925020802 925020803 925020804 925020805 925020806 925020807 925020808 925020809 925020900 925020901 925020902 925020903 925020904 925020905 925020906 925020907 925020908 925020909 925021000 925021001 925021002 925021003 925021004 925021005 925021006 925021007 925021008 925021009 925021100 925021101 925021102 925021103 925021104 925021105 925021106 925021107 925021108 925021109 925021200 925021201 925021202 925021203 925021204 925021205 925021206 925021207 925021208 925021209 925021300 925021301 925021302 925021303 925021304 925021305 925021306 925021307 925021308 925021309 925021400 925021401 925021402 925021403 925021404 925021405 925021406 925021407 925021408 925021409 925021500 925021501 925021502 925021503 925021504 925021505 925021506 925021507 925021508 925021509 925021600 925021601 925021602 925021603 925021604 925021605 925021606 925021607 925021608 925021609 925021700 925021701 925021702 925021703 925021704 925021705 925021706 925021707 925021708 925021709 925021800 925021801 925021802 925021803 925021804 925021805 925021806 925021807 925021808 925021809 925021900 925021901 925021902 925021903 925021904 925021905 925021906 925021907 925021908 925021909 925022000 925022001 925022002 925022003 925022004 925022005 925022006 925022007 925022008 925022009 925022100 925022101 925022102 925022103 925022104 925022105 925022106 925022107 925022108 925022109 925022200 925022201 925022202 925022203 925022204 925022205 925022206 925022207 925022208 925022209 925022300 925022301 925022302 925022303 925022304 925022305 925022306 925022307 925022308 925022309 925022400 925022401 925022402 925022403 925022404 925022405 925022406 925022407 925022408 925022409 925022500 925022501 925022502 925022503 925022504 925022505 925022506 925022507 925022508 925022509 925022600 925022601 925022602 925022603 925022604 925022605 925022606 925022607 925022608 925022609 925022700 925022701 925022702 925022703 925022704 925022705 925022706 925022707 925022708 925022709 925022800 925022801 925022802 925022803 925022804 925022805 925022806 925022807 925022808 925022809 925022900 925022901 925022902 925022903 925022904 925022905 925022906 925022907 925022908 925022909 925023000 925023001 925023002 925023003 925023004 925023005 925023006 925023007 925023008 925023009 925023100 925023101 925023102 925023103 925023104 925023105 925023106 925023107 925023108 925023109 925023200 925023201 925023202 925023203 925023204 925023205 925023206 925023207 925023208 925023209 925023300 925023301 925023302 925023303 925023304 925023305 925023306 925023307 925023308 925023309 925023400 925023401 925023402 925023403 925023404 925023405 925023406 925023407 925023408 925023409 925023500 925023501 925023502 925023503 925023504 925023505 925023506 925023507 925023508 925023509 925023600 925023601 925023602 925023603 925023604 925023605 925023606 925023607 925023608 925023609 925023700 925023701 925023702 925023703 925023704 925023705 925023706 925023707 925023708 925023709 925023800 925023801 925023802 925023803 925023804 925023805 925023806 925023807 925023808 925023809 925030100 925030101 925030102 925030103 925030104 925030200 925030201 925030202 925030203 925030204 925030300 925030301 925030302 925030303 925030304 925030400 925030401 925030402 925030403 925030404 925030500 925030501 925030502 925030503 925030504 925030600 925030601 925030602 925030603 925030604 925030700 925030701 925030702 925030703 925030704 925030800 925030801 925030802 925030803 925030804 925030900 925030901 925030902 925030903 925030904 925031000 925031001 925031002 925031003 925031004 925031100 925031101 925031102 925031103 925031104 925031200 925031201 925031202 925031203 925031204 925031300 925031301 925031302 925031303 925031304 925031400 925031401 925031402 925031403 925031404 925031500 925031501 925031502 925031503 925031504 925031600 925031601 925031602 925031603 925031604 925031700 925031701 925031702 925031703 925031704 925031800 925031801 925031802 925031803 925031804 925031900 925031901 925031902 925031903 925031904 925032000 925032001 925032002 925032003 925032004 925032100 925032101 925032102 925032103 925032104 925032200 925032201 925032202 925032203 925032204 925032300 925032301 925032302 925032303 925032304 925032400 925032401 925032402 925032403 925032404 925032500 925032501 925032502 925032503 925032504 925032600 925032601 925032602 925032603 925032604 925032700 925032701 925032702 925032703 925032704 925032800 925032801 925032802 925032803 925032804 925032900 925032901 925032902 925032903 925032904 925033000 925033001 925033002 925033003 925033004 925033100 925033101 925033102 925033103 925033104 925033200 925033201 925033202 925033203 925033204 925033300 925033301 925033302 925033303 925033304 925033400 925033401 925033402 925033403 925033404 925033500 925033501 925033502 925033503 925033504 925033600 925033601 925033602 925033603 925033604 925033700 925033701 925033702 925033703 925033704 925033800 925033801 925033802 925033803 925033804 
scripts/map/onUserEnter/dojang_Msg.js 103000103 
scripts/map/onFirstUserEnter/dojang_Msg.js 103000103 
scripts/map/onUserEnter/dojang_QcheckSet.js 925020002 925020003 925040000 
scripts/map/onFirstUserEnter/dojang_QcheckSet.js 925020002 925020003 925040000 
scripts/map/onUserEnter/dollCave00.js 105040200 
scripts/map/onFirstUserEnter/dollCave00.js 105040200 
scripts/map/onUserEnter/dollCave01.js 105070300 
scripts/map/onFirstUserEnter/dollCave01.js 105070300 
scripts/map/onUserEnter/dollCave02.js 105040200 
scripts/map/onFirstUserEnter/dollCave02.js 105040200 
scripts/map/onUserEnter/easy_balog_summon.js 105090200 
scripts/map/onFirstUserEnter/easy_balog_summon.js 105090200 
scripts/map/onUserEnter/explorationPoint.js 100000000 100000001 100010000 100040000 100040001 100040002 100040003 100040004 100040100 100050000 101000000 101000001 101000002 101000003 101010103 101020000 101020001 101020002 101020003 101020004 101020005 101020006 101020007 101020008 101020009 101020010 101030000 101030100 101030101 101030102 101030103 101030104 101030105 101030106 101030107 101030108 101030109 101030200 101030300 101030400 101030401 101030402 101030403 101030404 101030405 101030406 101040000 102000000 102000001 102000002 102000003 102020300 102030000 102040000 102050000 103000000 103000001 103000002 103000003 103000004 103000005 103000006 103010000 103020000 103020100 103020200 103030000 103030100 103030200 104000000 104000001 104000002 104000003 104010000 104020000 104030000 104040000 104040001 104040002 105030000 105040000 105040100 105040200 105040300 105040301 105040302 105040303 105040304 105040305 105040306 105070001 105070002 105070100 105070200 105070300 105070400 105080000 105090000 105090100 105090200 105090300 105090301 105090310 105090311 105090312 105090500 105090600 105090700 105090800 105090900 106020000 110000000 110010000 110020000 110030000 110040000 120000000 120000100 120000101 120000102 120000103 120000104 200000000 200000001 200000002 200000100 200000110 200000111 200000112 200000120 200000121 200000122 200000130 200000131 200000132 200000140 200000141 200000150 200000151 200000152 200000200 200000201 200000202 200000203 200000300 200000301 200010000 200010100 200010110 200010111 200010120 200010121 200010130 200010131 200010200 200010300 200010301 200010302 200020000 200030000 200040000 200050000 200060000 200080000 200080100 200080101 200080200 200080300 200080400 200080500 200080600 200080700 200080800 200080900 200081000 200081100 200081200 200081300 200081400 200081500 200081600 200081700 200081800 200081900 200082000 200082100 200082200 200082300 200082301 211000000 211000001 211000100 211000101 211000102 211000200 211030000 211040000 211040100 211040300 211040400 211040401 211040500 211040600 211040700 211040800 211040900 211041000 211041200 211041800 211041900 211042000 211042100 211042200 211042300 211042400 220000000 220000001 220000002 220000003 220000004 220000005 220000006 220000100 220000110 220000111 220000300 220000301 220000302 220000303 220000304 220000305 220000306 220000307 220000400 220000500 220010000 220010001 220010100 220010200 220010300 220010400 220010500 220010600 220010700 220010800 220010900 220011000 220011001 220020000 220020100 220020200 220020300 220020400 220020500 220020600 220030000 220030100 220030200 220030300 220030400 220040000 220040100 220040200 220040300 220040400 220050000 220050100 220050200 220050300 220060000 220060100 220060200 220060300 220060400 220070000 220070100 220070200 220070300 220070400 220080000 220080001 221000000 221000001 221000100 221000200 221000300 221000400 221020000 221020100 221020200 221020300 221020400 221020500 221020600 221020700 221020800 221020900 221021000 221021100 221021200 221021300 221021400 221021500 221021600 221021700 221021800 221021900 221022000 221022100 221022200 221022300 221022400 221022500 221022600 221022700 221022800 221022900 221023000 221023100 221023200 221023300 221023400 221030600 221040000 221040100 221040200 221040300 221040400 222000000 222010400 222020000 222020100 222020200 222020300 230000000 230000001 230000002 230000003 230010000 230010100 230010200 230010201 230010300 230010400 230020000 230020100 230020200 230020201 230020300 230030000 230030100 230030101 230030200 230040000 230040100 230040200 230040300 230040400 230040410 230040420 240000000 240000001 240000002 240000003 240000004 240000005 240000006 240000100 240010200 240010300 240010400 240010500 240010600 240010700 240010800 240010900 240011000 240020000 240020100 240020101 240020102 240020200 240020300 240020400 240020401 240020402 240020500 240030000 240030100 240030101 240030102 240030200 240030300 240040000 240040100 240040200 240040300 240040400 240040500 240040510 240040511 240040520 240040521 240040600 240040700 240050000 240050100 240050101 240050102 240050103 240050104 240050105 240050200 240050300 240050310 240050400 240050500 240060000 240060100 250000000 250000001 250000002 250000003 250010300 250010301 250010302 250010303 250010304 250010400 250010500 250010501 250010502 250010503 250010600 250010700 250020300 251000000 251000100 251010000 251010100 251010200 251010300 251010400 251010401 251010402 251010403 251010404 251010500 260000000 260000100 260000110 260000200 260000201 260000202 260000203 260000204 260000205 260000206 260000207 260000300 260000301 260000302 260000303 260010000 260010100 260010200 260010300 260010400 260010500 260010600 260010700 260020000 260020100 260020200 260020300 260020400 260020500 260020600 260020610 260020620 260020700 261000000 261000001 261000002 261000010 261000011 261000020 261000021 261010000 261010001 261010002 261010003 261010100 261010101 261020000 261020100 261020200 261020400 261020500 
scripts/map/onFirstUserEnter/explorationPoint.js 100000000 100000001 100010000 100040000 100040001 100040002 100040003 100040004 100040100 100050000 101000000 101000001 101000002 101000003 101010103 101020000 101020001 101020002 101020003 101020004 101020005 101020006 101020007 101020008 101020009 101020010 101030000 101030100 101030101 101030102 101030103 101030104 101030105 101030106 101030107 101030108 101030109 101030200 101030300 101030400 101030401 101030402 101030403 101030404 101030405 101030406 101040000 102000000 102000001 102000002 102000003 102020300 102030000 102040000 102050000 103000000 103000001 103000002 103000003 103000004 103000005 103000006 103010000 103020000 103020100 103020200 103030000 103030100 103030200 104000000 104000001 104000002 104000003 104010000 104020000 104030000 104040000 104040001 104040002 105030000 105040000 105040100 105040200 105040300 105040301 105040302 105040303 105040304 105040305 105040306 105070001 105070002 105070100 105070200 105070300 105070400 105080000 105090000 105090100 105090200 105090300 105090301 105090310 105090311 105090312 105090500 105090600 105090700 105090800 105090900 106020000 110000000 110010000 110020000 110030000 110040000 120000000 120000100 120000101 120000102 120000103 120000104 200000000 200000001 200000002 200000100 200000110 200000111 200000112 200000120 200000121 200000122 200000130 200000131 200000132 200000140 200000141 200000150 200000151 200000152 200000200 200000201 200000202 200000203 200000300 200000301 200010000 200010100 200010110 200010111 200010120 200010121 200010130 200010131 200010200 200010300 200010301 200010302 200020000 200030000 200040000 200050000 200060000 200080000 200080100 200080101 200080200 200080300 200080400 200080500 200080600 200080700 200080800 200080900 200081000 200081100 200081200 200081300 200081400 200081500 200081600 200081700 200081800 200081900 200082000 200082100 200082200 200082300 200082301 211000000 211000001 211000100 211000101 211000102 211000200 211030000 211040000 211040100 211040300 211040400 211040401 211040500 211040600 211040700 211040800 211040900 211041000 211041200 211041800 211041900 211042000 211042100 211042200 211042300 211042400 220000000 220000001 220000002 220000003 220000004 220000005 220000006 220000100 220000110 220000111 220000300 220000301 220000302 220000303 220000304 220000305 220000306 220000307 220000400 220000500 220010000 220010001 220010100 220010200 220010300 220010400 220010500 220010600 220010700 220010800 220010900 220011000 220011001 220020000 220020100 220020200 220020300 220020400 220020500 220020600 220030000 220030100 220030200 220030300 220030400 220040000 220040100 220040200 220040300 220040400 220050000 220050100 220050200 220050300 220060000 220060100 220060200 220060300 220060400 220070000 220070100 220070200 220070300 220070400 220080000 220080001 221000000 221000001 221000100 221000200 221000300 221000400 221020000 221020100 221020200 221020300 221020400 221020500 221020600 221020700 221020800 221020900 221021000 221021100 221021200 221021300 221021400 221021500 221021600 221021700 221021800 221021900 221022000 221022100 221022200 221022300 221022400 221022500 221022600 221022700 221022800 221022900 221023000 221023100 221023200 221023300 221023400 221030600 221040000 221040100 221040200 221040300 221040400 222000000 222010400 222020000 222020100 222020200 222020300 230000000 230000001 230000002 230000003 230010000 230010100 230010200 230010201 230010300 230010400 230020000 230020100 230020200 230020201 230020300 230030000 230030100 230030101 230030200 230040000 230040100 230040200 230040300 230040400 230040410 230040420 240000000 240000001 240000002 240000003 240000004 240000005 240000006 240000100 240010200 240010300 240010400 240010500 240010600 240010700 240010800 240010900 240011000 240020000 240020100 240020101 240020102 240020200 240020300 240020400 240020401 240020402 240020500 240030000 240030100 240030101 240030102 240030200 240030300 240040000 240040100 240040200 240040300 240040400 240040500 240040510 240040511 240040520 240040521 240040600 240040700 240050000 240050100 240050101 240050102 240050103 240050104 240050105 240050200 240050300 240050310 240050400 240050500 240060000 240060100 250000000 250000001 250000002 250000003 250010300 250010301 250010302 250010303 250010304 250010400 250010500 250010501 250010502 250010503 250010600 250010700 250020300 251000000 251000100 251010000 251010100 251010200 251010300 251010400 251010401 251010402 251010403 251010404 251010500 260000000 260000100 260000110 260000200 260000201 260000202 260000203 260000204 260000205 260000206 260000207 260000300 260000301 260000302 260000303 260010000 260010100 260010200 260010300 260010400 260010500 260010600 260010700 260020000 260020100 260020200 260020300 260020400 260020500 260020600 260020610 260020620 260020700 261000000 261000001 261000002 261000010 261000011 261000020 261000021 261010000 261010001 261010002 261010003 261010100 261010101 261020000 261020100 261020200 261020400 261020500 
scripts/map/onUserEnter/findvioleta.js 106021400 106021600 106021601 
scripts/map/onFirstUserEnter/findvioleta.js 106021400 106021600 106021601 
scripts/map/onUserEnter/go10000.js 10000 
scripts/map/onFirstUserEnter/go10000.js 10000 
scripts/map/onUserEnter/go1000000.js 1000000 
scripts/map/onFirstUserEnter/go1000000.js 1000000 
scripts/map/onUserEnter/go1010000.js 1010000 
scripts/map/onFirstUserEnter/go1010000.js 1010000 
scripts/map/onUserEnter/go1010100.js 1010100 
scripts/map/onFirstUserEnter/go1010100.js 1010100 
scripts/map/onUserEnter/go1010200.js 1010200 
scripts/map/onFirstUserEnter/go1010200.js 1010200 
scripts/map/onUserEnter/go1010300.js 1010300 
scripts/map/onFirstUserEnter/go1010300.js 1010300 
scripts/map/onUserEnter/go1010400.js 1010400 
scripts/map/onFirstUserEnter/go1010400.js 1010400 
scripts/map/onUserEnter/go1020000.js 1020000 
scripts/map/onFirstUserEnter/go1020000.js 1020000 
scripts/map/onUserEnter/go20000.js 20000 
scripts/map/onFirstUserEnter/go20000.js 20000 
scripts/map/onUserEnter/go2000000.js 2000000 
scripts/map/onFirstUserEnter/go2000000.js 2000000 
scripts/map/onUserEnter/go30000.js 30000 
scripts/map/onFirstUserEnter/go30000.js 30000 
scripts/map/onUserEnter/go40000.js 40000 50000 
scripts/map/onFirstUserEnter/go40000.js 40000 50000 
scripts/map/onUserEnter/go50000.js 40000 50000 1000002 
scripts/map/onFirstUserEnter/go50000.js 40000 50000 1000002 
scripts/map/onUserEnter/goAdventure.js 0 1 3 40000 
scripts/map/onFirstUserEnter/goAdventure.js 0 1 3 40000 
scripts/map/onUserEnter/goArcher.js 1020000 
scripts/map/onFirstUserEnter/goArcher.js 1020000 
scripts/map/onUserEnter/goLith.js 104000000 
scripts/map/onFirstUserEnter/goLith.js 104000000 
scripts/map/onUserEnter/goMagician.js 1020000 
scripts/map/onFirstUserEnter/goMagician.js 1020000 
scripts/map/onUserEnter/goPirate.js 1020000 
scripts/map/onFirstUserEnter/goPirate.js 1020000 
scripts/map/onUserEnter/goRogue.js 1020000 
scripts/map/onFirstUserEnter/goRogue.js 1020000 
scripts/map/onUserEnter/goSwordman.js 1020000 
scripts/map/onFirstUserEnter/goSwordman.js 1020000 
scripts/map/onUserEnter/iceCave.js 140090000 
scripts/map/onFirstUserEnter/iceCave.js 140090000 
scripts/map/onUserEnter/killing_BonusSetting.js 103000103 910320011 910320012 910320013 910320014 910320015 910320016 910320017 910320018 910320019 910320020 910320021 910320022 910320023 910320024 910320025 910320026 910320027 910320028 910320029 926010000 
scripts/map/onFirstUserEnter/killing_BonusSetting.js 103000103 910320011 910320012 910320013 910320014 910320015 910320016 910320017 910320018 910320019 910320020 910320021 910320022 910320023 910320024 910320025 910320026 910320027 910320028 910320029 926010000 
scripts/map/onUserEnter/killing_MapSetting.js 103000103 910320101 910320102 910320103 910320104 910320201 910320202 910320203 910320204 910320301 910320302 910320303 910320304 910330101 910330102 910330103 910330104 910330105 910330106 910330107 910330108 910330109 910330201 910330202 910330203 910330204 910330205 910330206 910330207 910330208 910330209 910330301 910330302 910330303 910330304 910330305 910330306 910330307 910330308 910330309 926010000 926010101 926010102 926010103 926010104 926010201 926010202 926010203 926010204 926010301 926010302 926010303 926010304 926010401 926010402 926010403 926010404 926010501 926010502 926010503 926010504 926011101 926011102 926011103 926011104 926011201 926011202 926011203 926011204 926011301 926011302 926011303 926011304 926011401 926011402 926011403 926011404 926011501 926011502 926011503 926011504 926012101 926012102 926012103 926012104 926012201 926012202 926012203 926012204 926012301 926012302 926012303 926012304 926012401 926012402 926012403 926012404 926012501 926012502 926012503 926012504 926013101 926013102 926013103 926013104 926013201 926013202 926013203 926013204 926013301 926013302 926013303 926013304 926013401 926013402 926013403 926013404 926013501 926013502 926013503 926013504 926020101 926020102 926020103 926020104 926020105 926020106 926020107 926020108 926020109 926020201 926020202 926020203 926020204 926020205 926020206 926020207 926020208 926020209 926020301 926020302 926020303 926020304 926020305 926020306 926020307 926020308 926020309 926020401 926020402 926020403 926020404 926020405 926020406 926020407 926020408 926020409 926020501 926020502 926020503 926020504 926020505 926020506 926020507 926020508 926020509 926021101 926021102 926021103 926021104 926021105 926021106 926021107 926021108 926021109 926021201 926021202 926021203 926021204 926021205 926021206 926021207 926021208 926021209 926021301 926021302 926021303 926021304 926021305 926021306 926021307 926021308 926021309 926021401 926021402 926021403 926021404 926021405 926021406 926021407 926021408 926021409 926021501 926021502 926021503 926021504 926021505 926021506 926021507 926021508 926021509 926022101 926022102 926022103 926022104 926022105 926022106 926022107 926022108 926022109 926022201 926022202 926022203 926022204 926022205 926022206 926022207 926022208 926022209 926022301 926022302 926022303 926022304 926022305 926022306 926022307 926022308 926022309 926022401 926022402 926022403 926022404 926022405 926022406 926022407 926022408 926022409 926022501 926022502 926022503 926022504 926022505 926022506 926022507 926022508 926022509 926023101 926023102 926023103 926023104 926023105 926023106 926023107 926023108 926023109 926023201 926023202 926023203 926023204 926023205 926023206 926023207 926023208 926023209 926023301 926023302 926023303 926023304 926023305 926023306 926023307 926023308 926023309 926023401 926023402 926023403 926023404 926023405 926023406 926023407 926023408 926023409 926023501 926023502 926023503 926023504 926023505 926023506 926023507 926023508 926023509 
scripts/map/onFirstUserEnter/killing_MapSetting.js 103000103 910320101 910320102 910320103 910320104 910320201 910320202 910320203 910320204 910320301 910320302 910320303 910320304 910330101 910330102 910330103 910330104 910330105 910330106 910330107 910330108 910330109 910330201 910330202 910330203 910330204 910330205 910330206 910330207 910330208 910330209 910330301 910330302 910330303 910330304 910330305 910330306 910330307 910330308 910330309 926010000 926010101 926010102 926010103 926010104 926010201 926010202 926010203 926010204 926010301 926010302 926010303 926010304 926010401 926010402 926010403 926010404 926010501 926010502 926010503 926010504 926011101 926011102 926011103 926011104 926011201 926011202 926011203 926011204 926011301 926011302 926011303 926011304 926011401 926011402 926011403 926011404 926011501 926011502 926011503 926011504 926012101 926012102 926012103 926012104 926012201 926012202 926012203 926012204 926012301 926012302 926012303 926012304 926012401 926012402 926012403 926012404 926012501 926012502 926012503 926012504 926013101 926013102 926013103 926013104 926013201 926013202 926013203 926013204 926013301 926013302 926013303 926013304 926013401 926013402 926013403 926013404 926013501 926013502 926013503 926013504 926020101 926020102 926020103 926020104 926020105 926020106 926020107 926020108 926020109 926020201 926020202 926020203 926020204 926020205 926020206 926020207 926020208 926020209 926020301 926020302 926020303 926020304 926020305 926020306 926020307 926020308 926020309 926020401 926020402 926020403 926020404 926020405 926020406 926020407 926020408 926020409 926020501 926020502 926020503 926020504 926020505 926020506 926020507 926020508 926020509 926021101 926021102 926021103 926021104 926021105 926021106 926021107 926021108 926021109 926021201 926021202 926021203 926021204 926021205 926021206 926021207 926021208 926021209 926021301 926021302 926021303 926021304 926021305 926021306 926021307 926021308 926021309 926021401 926021402 926021403 926021404 926021405 926021406 926021407 926021408 926021409 926021501 926021502 926021503 926021504 926021505 926021506 926021507 926021508 926021509 926022101 926022102 926022103 926022104 926022105 926022106 926022107 926022108 926022109 926022201 926022202 926022203 926022204 926022205 926022206 926022207 926022208 926022209 926022301 926022302 926022303 926022304 926022305 926022306 926022307 926022308 926022309 926022401 926022402 926022403 926022404 926022405 926022406 926022407 926022408 926022409 926022501 926022502 926022503 926022504 926022505 926022506 926022507 926022508 926022509 926023101 926023102 926023103 926023104 926023105 926023106 926023107 926023108 926023109 926023201 926023202 926023203 926023204 926023205 926023206 926023207 926023208 926023209 926023301 926023302 926023303 926023304 926023305 926023306 926023307 926023308 926023309 926023401 926023402 926023403 926023404 926023405 926023406 926023407 926023408 926023409 926023501 926023502 926023503 926023504 926023505 926023506 926023507 926023508 926023509 
scripts/map/onUserEnter/metro_firstSetting.js 103000103 910320201 910320202 910320203 910320204 910320301 910320302 910320303 910320304 
scripts/map/onFirstUserEnter/metro_firstSetting.js 103000103 910320201 910320202 910320203 910320204 910320301 910320302 910320303 910320304 
scripts/map/onUserEnter/mirrorCave.js 140030000 
scripts/map/onFirstUserEnter/mirrorCave.js 140030000 
scripts/map/onUserEnter/onRewordMap.js 101030104 980041200 980041201 980041202 980041203 980041204 980041205 980041206 980041207 980041208 980041209 980042200 980042201 980042202 980042203 980042204 980042205 980042206 980042207 980042208 980042209 980043200 980043201 980043202 980043203 980043204 980043205 980043206 980043207 980043208 980043209 980044200 980044201 980044202 980044203 980044204 
scripts/map/onFirstUserEnter/onRewordMap.js 101030104 980041200 980041201 980041202 980041203 980041204 980041205 980041206 980041207 980041208 980041209 980042200 980042201 980042202 980042203 980042204 980042205 980042206 980042207 980042208 980042209 980043200 980043201 980043202 980043203 980043204 980043205 980043206 980043207 980043208 980043209 980044200 980044201 980044202 980044203 980044204 
scripts/map/onUserEnter/outCase.js 105090200 
scripts/map/onFirstUserEnter/outCase.js 105090200 
scripts/map/onUserEnter/party6weatherMsg.js 300030100 
scripts/map/onFirstUserEnter/party6weatherMsg.js 300030100 
scripts/map/onUserEnter/pepeking_effect.js 106021400 106021500 106021501 
scripts/map/onFirstUserEnter/pepeking_effect.js 106021400 106021500 106021501 
scripts/map/onUserEnter/reundodraco.js 270000100 270010000 270010100 270010110 270010111 270010200 270010210 270010300 270010310 270010400 270010410 270010500 270020000 270020100 270020110 270020200 270020210 270020211 270020300 270020310 270020400 270020410 270020500 270030000 270030100 270030110 270030200 270030210 270030300 270030310 270030400 270030410 270030411 270030500 270040000 270050000 
scripts/map/onFirstUserEnter/reundodraco.js 270000100 270010000 270010100 270010110 270010111 270010200 270010210 270010300 270010310 270010400 270010410 270010500 270020000 270020100 270020110 270020200 270020210 270020211 270020300 270020310 270020400 270020410 270020500 270030000 270030100 270030110 270030200 270030210 270030300 270030310 270030400 270030410 270030411 270030500 270040000 270050000 
scripts/map/onUserEnter/rien.js 140000000 
scripts/map/onFirstUserEnter/rien.js 140000000 
scripts/map/onUserEnter/rienArrow.js 140010000 
scripts/map/onFirstUserEnter/rienArrow.js 140010000 
scripts/map/onUserEnter/sealGarden.js 200060000 211040100 211040200 211040700 211042200 211042300 
scripts/map/onFirstUserEnter/sealGarden.js 200060000 211040100 211040200 211040700 211042200 211042300 
scripts/map/onUserEnter/snack_intro.js 910031000 910031001 910031002 910031003 910031004 910031005 910031006 910031007 910031008 910031009 910031010 910031011 910031012 910031013 910031014 910031015 910031016 910031017 910031018 910031019 910031020 910031021 910031022 910031023 910031024 910031025 910031026 910031027 910031028 910031029 
scripts/map/onFirstUserEnter/snack_intro.js 910031000 910031001 910031002 910031003 910031004 910031005 910031006 910031007 910031008 910031009 910031010 910031011 910031012 910031013 910031014 910031015 910031016 910031017 910031018 910031019 910031020 910031021 910031022 910031023 910031024 910031025 910031026 910031027 910031028 910031029 
scripts/map/onUserEnter/spaceGaGa_start.js 922240000 922240001 922240002 922240003 922240004 922240005 922240006 922240007 922240008 922240009 922240010 922240011 922240012 922240013 922240014 922240015 922240016 922240017 922240018 922240019 
scripts/map/onFirstUserEnter/spaceGaGa_start.js 922240000 922240001 922240002 922240003 922240004 922240005 922240006 922240007 922240008 922240009 922240010 922240011 922240012 922240013 922240014 922240015 922240016 922240017 922240018 922240019 
scripts/map/onUserEnter/space_first.js 922240200 
scripts/map/onFirstUserEnter/space_first.js 922240200 
scripts/map/onUserEnter/startEreb.js 130000000 
scripts/map/onFirstUserEnter/startEreb.js 130000000 
scripts/map/onUserEnter/start_itemTake.js 200080101 
scripts/map/onFirstUserEnter/start_itemTake.js 200080101 
scripts/map/onUserEnter/summon_pepeking.js 106021400 106021500 106021501 
scripts/map/onFirstUserEnter/summon_pepeking.js 106021400 106021500 106021501 
scripts/map/onUserEnter/tristan_questMap.js 105090200 120000000 120000101 120000102 120000103 910520001 910520002 910520003 910520004 
scripts/map/onFirstUserEnter/tristan_questMap.js 105090200 120000000 120000101 120000102 120000103 910520001 910520002 910520003 910520004 
scripts/map/onUserEnter/undoMorph_jepeto.js 910030001 
scripts/map/onFirstUserEnter/undoMorph_jepeto.js 910030001 
scripts/map/onUserEnter/undomorphdarco.js 240000110 240000111 240010000 240010100 
scripts/map/onFirstUserEnter/undomorphdarco.js 240000110 240000111 240010000 240010100 
