1 4005000 10 4004000
1 4005001 10 4004001
1 4005002 10 4004002
1 4005003 10 4004003
1 4005004 10 4004004
1 4011000 10 4010000
1 4011001 10 4010001
1 4011002 10 4010002
1 4011003 10 4010003
1 4011004 10 4010004
1 4011005 10 4010005
1 4011006 10 4010006
1 4011007 1 4011000 1 4011001 1 4011002 1 4011003 1 4011004 1 4011005 1 4011006
1 4011008 10 4010007
1 4021000 10 4020000
1 4021001 10 4020001
1 4021002 10 4020002
1 4021003 10 4020003
1 4021004 10 4020004
1 4021005 10 4020005
1 4021006 10 4020006
1 4021007 10 4020007
1 4021008 10 4020008
1 4021009 1 4021000 1 4021001 1 4021002 1 4021003 1 4021004 1 4021005 1 4021006 1 4021007 1 4021008